0 0 20 
-0.00317037 0.150736 19.9968 
-0.0149018 0.309681 19.9851 
-0.0115124 0.309912 19.9851 
-0.0374224 0.487122 19.9624 
-0.0744604 0.692217 19.9339 
-0.00811744 0.310037 19.9851 
-0.128261 0.921154 19.9041 
-0.0700871 0.693359 19.9246 
-0.123361 0.922276 19.9041 
-0.183877 1.17966 19.8564 
-0.0700288 0.692991 19.9339 
-0.118428 0.923244 19.9041 
-0.0148396 0.308995 19.9885 
-0.118379 0.922945 19.9092 
-0.262523 1.47317 19.7918 
-0.196726 1.17667 19.8622 
-0.0114764 0.309224 19.9885 
-0.202155 1.17502 19.868 
-0.196701 1.17657 19.868 
-0.17834 1.18093 19.8564 
-0.297938 1.44977 19.8311 
-0.036284 0.478276 19.9759 
-0.00811745 0.48892 19.9624 
-0.00426773 0.488859 19.9624 
0.0111693 0.697073 19.9246 
-0.247755 1.47609 19.785 
0.0066604 0.697381 19.9246 
0.0066409 0.697009 19.9339 
-0.0656127 0.693995 19.9246 
0.042558 0.944083 19.8773 
-0.418901 1.74583 19.7875 
0.0139196 0.931296 19.9143 
-0.0862191 0.941609 19.8661 
0.0874399 1.22746 19.8381 
0.0250429 0.94517 19.8661 
0.0934727 1.22626 19.8255 
0.025069 0.945527 19.8717 
0.0139196 1.18099 19.8959 
0.168181 1.54397 19.7635 
-0.159794 1.18442 19.8564 
-0.178339 1.18093 19.868 
-0.196701 1.17658 19.8564 
-0.207391 1.48494 19.7985 
-0.56636 2.05897 19.7436 
0.0196385 1.44924 19.8619 
-0.241388 1.47755 19.785 
-0.292029 1.45162 19.8374 
-0.314798 1.82292 19.6985 
0.0288298 1.74621 19.8083 
-0.273819 1.46439 19.8215 
0.0216273 2.0815 19.7294 
0.0415478 1.74576 19.8213 
0.269808 1.89329 19.6978 
-0.743126 2.38835 19.6762 
0.1679 1.54279 19.7491 
-0.338532 1.81488 19.6829 
0.0351895 1.74598 19.8083 
-0.39819 2.21525 19.6043 
-0.398417 2.21631 19.6131 
-0.388752 1.74931 19.7978 
-0.00679513 2.46536 19.6351 
-0.389777 2.2169 19.6043 
-0.322233 1.82122 19.6985 
-0.957074 2.74126 19.5976 
-1.20991 3.11307 19.5166 
-0.389973 2.21797 19.6131 
-0.501073 2.07143 19.7362 
-0.453132 2.20833 19.5594 
0.401811 2.27182 19.6036 
0.0753917 2.06776 19.7803 
-0.406547 2.21333 19.6043 
0.119616 2.41673 19.7168 
-0.406803 2.21439 19.6131 
0.0098347 2.46352 19.6181 
0.57064 2.68498 19.4737 
-1.50423 3.50053 19.4131 
-0.491741 2.65537 19.494 
0.783307 3.13637 19.2996 
-0.0612013 2.89467 19.5334 
-0.482264 2.65723 19.494 
0.552802 2.69182 19.4737 
1.047 3.62762 19.0717 
1.37418 4.16712 18.8068 
-0.481985 2.6557 19.4841 
0.019217 2.89991 19.4658 
0.000318795 2.90438 19.4852 
0.561775 2.68854 19.4737 
-0.607133 2.64994 19.4233 
0.188686 2.79963 19.6254 
-0.560698 3.15269 19.3607 
0.00983468 2.90453 19.4852 
0.0452257 3.39619 19.2626 
-0.595476 3.14341 19.3879 
0.718919 3.16799 19.3216 
0.0205971 3.40709 19.362 
-0.12628 3.37149 19.4154 
-0.146653 3.36826 19.4154 
0.0204787 3.40308 19.3401 
1.76397 4.76736 18.5494 
0.0564244 3.4021 19.2848 
0.742523 3.15941 19.3216 
0.116715 3.97573 19.1109 
-1.19389 3.12346 19.5166 
-1.20198 3.11839 19.5166 
-1.42869 3.55094 19.4237 
0.12814 3.968 19.0858 
-0.256888 3.88688 19.3027 
-0.647274 3.69931 19.2553 
-0.719531 3.67151 19.2846 
0.0376578 3.95877 19.1725 
-1.84661 3.9054 19.3121 
0.0376578 4.57694 19.0209 
0.773615 3.14087 19.2996 
-1.4467 3.54055 19.4237 
-2.23432 4.31809 19.2101 
1.75099 4.7755 18.5494 
-1.65742 4.02441 19.3518 
0.0244774 4.57673 19.0209 
1.77097 4.75057 18.5184 
0.128989 3.97424 19.1109 
-0.739789 4.28342 19.1744 
0.0506794 4.57143 18.9942 
-0.363903 4.4488 19.1811 
-0.881008 4.22689 19.1804 
-2.66694 4.73275 19.0693 
0.215465 4.60728 18.9542 
-0.460137 5.0564 19.0639 
0.287503 5.29267 18.8229 
2.23259 5.35833 18.1589 
-0.575406 5.6964 18.9467 
0.0999163 5.23801 18.7926 
0.241011 4.59343 18.8573 
1.35064 4.18071 18.8068 
-0.0105034 5.2442 18.8935 
0.401344 5.27611 18.6128 
-0.446718 5.0545 19.0375 
0.301422 5.28653 18.7934 
-0.501497 5.70967 18.8762 
-0.717998 6.36724 18.8161 
0.415574 6.00726 18.6144 
0.287041 5.28827 18.7934 
-0.561877 5.69876 18.9467 
0.614842 6.00978 18.338 
0.599129 6.01425 18.338 
-2.21782 4.33565 19.2344 
-1.87098 4.53263 19.3055 
-3.1515 5.15075 18.8832 
-0.0474477 5.94914 18.797 
-2.58151 4.80464 19.1846 
-0.683495 6.37365 18.8161 
-0.731138 6.35973 18.7867 
-0.553129 6.41079 18.7111 
-2.94798 5.28739 19.1401 
-0.669164 6.37615 18.8161 
-2.9378 5.29503 19.1401 
0.85683 6.81227 18.0852 
-2.9271 5.30193 19.1656 
-0.796797 7.0849 18.6863 
-0.953685 7.823 18.5426 
0.41455 6.00079 18.5831 
-0.630964 7.15134 18.5116 
-3.70091 5.57656 18.6735 
2.77491 5.99942 17.7533 
-0.934015 7.05719 18.6085 
-0.781833 7.08751 18.6863 
2.13116 5.46761 18.3112 
-0.717084 6.36295 18.7867 
0.55239 6.76527 18.3488 
-0.915625 7.83007 18.5426 
3.41591 6.68146 17.3602 
4.15349 7.38832 16.9926 
0.742358 7.57449 18.107 
-3.24565 5.81564 19.1783 
4.97261 8.09517 16.6155 
0.887439 6.79199 18.0492 
2.23677 5.36372 18.1756 
-0.899877 7.83281 18.5426 
-1.18774 7.78538 18.4274 
2.20806 5.4203 18.3112 
0.553802 6.77447 18.4658 
-0.919157 7.06142 18.6085 
1.1082 7.67667 17.8642 
1.08985 7.6819 17.8642 
0.707988 7.5818 18.107 
1.40156 8.57955 17.6833 
0.827522 8.45653 17.8407 
0.906342 9.39795 17.6088 
1.21857 7.60286 17.6914 
-0.899094 7.82787 18.5103 
-0.697434 7.94573 18.316 
2.68955 6.11336 18.0658 
0.862661 8.4404 17.8029 
-1.18949 7.79027 18.4605 
-0.899526 7.8306 18.5264 
1.62039 8.45587 17.2953 
-4.32297 6.00861 18.4877 
-1.02321 8.61154 18.3157 
-1.03981 8.60864 18.3157 
1.05641 9.35191 17.4677 
1.07576 9.34748 17.4677 
0.937297 10.3876 17.3983 
-0.741757 8.79147 18.1546 
5.85726 8.78117 16.1583 
-1.1551 9.44426 18.155 
1.60213 8.46435 17.2953 
0.946156 9.39376 17.6088 
6.79556 9.46289 15.6122 
-1.13373 8.5902 18.4006 
-1.13455 8.59358 18.4342 
3.18696 6.84495 17.7574 
5.84269 8.79975 16.1583 
0.979271 10.3887 17.4194 
2.08057 9.35903 16.8814 
3.72529 7.6201 17.4179 
-3.68222 5.59963 18.6735 
1.58361 8.47225 17.2953 
1.08676 11.4114 17.2786 
-1.36302 9.37877 18.2441 
-1.13744 9.44677 18.155 
-1.49573 8.53948 18.2275 
-2.22555 4.32625 19.2101 
-1.17268 9.44119 18.155 
0.957966 10.383 17.3773 
-1.1547 9.44168 18.137 
-1.2151 9.43331 18.155 
-4.22922 6.11353 18.4552 
-1.62811 10.1946 18.1267 
-1.13711 9.44419 18.137 
1.35662 10.3132 17.1642 
-1.6439 10.1851 18.0903 
0.958338 10.3901 17.4194 
1.10826 11.4088 17.2786 
1.25054 12.4479 17.1906 
-1.3971 10.2896 17.9973 
-1.35552 10.3014 18.0346 
-1.29248 10.3116 17.9691 
1.06482 11.4083 17.2352 
1.10107 10.3719 17.3983 
-4.31371 6.02178 18.4877 
-1.86382 9.32128 18.0628 
-4.78532 6.69383 18.2128 
1.10046 10.368 17.3773 
7.80236 10.1621 15.0199 
-5.00911 6.43382 18.3338 
2.54904 10.329 16.4289 
-1.39759 10.2918 18.016 
1.27234 12.4448 17.1906 
-1.24685 10.3119 17.9317 
0.915588 11.4157 17.2023 
1.2504 12.4468 17.1685 
-2.28734 10.111 17.9014 
1.68634 11.328 16.9023 
-1.39017 11.2167 17.7068 
0.959006 11.4157 17.2023 
1.36083 13.4972 17.1353 
-1.54305 11.1837 17.9589 
-1.37094 11.2195 17.7068 
2.99924 11.4008 16.0105 
-2.28935 10.1146 17.9396 
-1.4093 11.2134 17.7068 
-1.60285 11.1662 17.7859 
0.937297 11.4161 17.2023 
1.01112 11.3972 17.082 
-1.97876 11.0052 17.9215 
0.837641 12.4756 17.0567 
-1.86316 12.0617 17.5148 
1.27191 12.442 17.1464 
-1.54113 12.1699 17.5229 
1.29404 12.441 17.1906 
3.04433 11.3808 16.0105 
-1.52095 12.1728 17.5229 
7.78189 10.1482 14.9677 
3.02194 11.3911 16.0105 
-1.56122 12.1664 17.5229 
2.02962 12.3845 16.6662 
-1.62528 13.1654 17.3648 
2.05301 12.3804 16.6898 
1.45941 13.4837 16.9558 
-2.37134 11.8391 17.7953 
-1.52055 12.1697 17.5024 
1.3827 13.494 17.1131 
-2.16664 12.9957 17.2185 
1.53482 13.4676 17.1131 
-2.76782 10.904 17.7247 
3.62833 12.4693 15.6377 
-1.7897 13.14 17.386 
1.3613 13.502 17.0794 
1.53492 13.468 17.1574 
-1.62499 13.1627 17.3437 
7.78736 10.1835 15.0199 
1.36082 13.4971 17.1574 
-1.75355 14.1789 17.1484 
4.29909 13.5765 15.3199 
-1.9192 15.2248 17.0034 
4.11256 7.40819 16.949 
0.702269 13.5469 16.9203 
-2.054 14.1264 17.3003 
-5.3457 7.34329 17.9633 
-5.74526 6.83842 18.1825 
3.01497 11.3755 15.9611 
8.92633 10.8586 14.4644 
-1.69727 13.1557 17.3648 
-3.54168 6.32838 19.2093 
1.51329 13.4725 17.1131 
-6.52518 7.2153 17.9792 
1.83101 14.4869 17.024 
-2.0332 14.1316 17.3003 
0.553523 14.6336 16.7701 
3.43942 12.5476 15.6114 
0.508365 14.6241 16.7469 
0.460396 15.743 16.6294 
1.44859 14.5419 17.1355 
0.531039 14.628 16.7469 
6.82661 9.45442 15.6625 
-2.18636 12.989 17.2185 
-2.2468 15.1365 17.2248 
10.1588 11.5358 13.9583 
0.401576 16.8654 16.427 
-3.30909 11.7002 17.5929 
-2.24689 15.137 17.2679 
4.27564 13.5905 15.3199 
-1.87875 14.1637 17.2246 
1.49194 14.5355 17.1793 
0.531527 14.625 16.7238 
0.425028 16.8719 16.4747 
0.425028 18.0205 16.3783 
1.71213 14.5152 17.024 
0.400928 18.0201 16.3783 
2.18202 15.4948 16.9905 
0.356575 15.7296 16.5105 
-2.07386 14.118 17.2572 
1.50326 15.585 17.0588 
1.52511 15.584 17.1026 
5.05193 14.684 15.0645 
0.333336 15.7255 16.5105 
5.82754 8.81786 16.1583 
1.90105 15.5651 16.9457 
2.56217 16.4852 16.9683 
3.43655 12.5401 15.5853 
-1.94116 15.2209 17.0034 
6.81218 9.47496 15.6625 
2.13951 15.5086 16.9905 
1.63369 16.6171 17.0809 
6.6728 9.61185 15.6122 
2.56151 16.4835 17.0126 
1.51339 13.473 17.1574 
-2.09601 15.1858 17.1369 
0.200407 16.8704 16.3529 
0.40102 18.0169 16.3299 
4.92064 14.7641 15.0645 
6.79711 9.49503 15.6625 
-3.90268 12.4822 17.4688 
-4.51308 13.2692 17.2894 
0.078084 18.0343 16.2546 
-5.09381 14.105 17.0505 
-2.48252 16.1414 17.0943 
2.10217 16.6197 16.8555 
-4.54562 13.2429 17.2894 
0.0702845 16.8466 16.3529 
-2.77497 17.1476 16.9283 
-5.68488 14.9744 16.7688 
0.449129 18.0201 16.3783 
-3.10501 18.1634 16.7361 
5.87961 15.7742 14.877 
-1.84465 3.90311 19.2893 
2.27104 17.6859 16.799 
2.58203 16.4752 17.0126 
-3.12803 18.1611 16.7814 
0.533492 19.1691 16.2937 
-2.08753 16.2876 16.8674 
2.91397 17.4622 17.0454 
0.341833 18.0053 16.1591 
5.51321 15.9899 14.8194 
1.74186 17.6463 17.0049 
2.93436 17.4548 17.0454 
-5.73666 6.85387 18.1825 
2.2932 17.6814 16.7763 
0.0538739 18.03 16.23 
0.509429 19.1707 16.2937 
1.08819 12.4446 16.716 
-0.20878 17.9829 16.2546 
7.52091 10.4969 15.0199 
-5.91774 8.04971 17.6891 
1.87217 18.6775 16.8735 
0.654433 20.3198 16.1965 
7.88781 10.1436 15.2072 
-2.75435 17.1558 16.9505 
-0.47684 19.1259 16.2177 
7.78205 10.2589 15.1535 
-5.65009 15.0026 16.7913 
2.54106 18.738 16.6852 
-5.24236 13.9847 17.0505 
3.0231 17.4128 17.0886 
-0.0690375 19.199 16.2177 
-0.130136 19.1918 16.0813 
0.509465 19.1714 16.342 
-3.05303 18.1837 16.8607 
3.28254 18.4218 17.0239 
7.53966 10.4787 15.0199 
-0.154424 19.1876 16.0813 
-0.105727 19.1953 16.0813 
1.92676 9.42591 16.8814 
2.51885 18.7431 16.6852 
2.84535 19.7854 16.6509 
0.315904 19.1745 16.171 
2.4965 18.7474 16.6852 
-0.402048 20.3526 15.9183 
0.63025 20.3219 16.1965 
-0.801278 20.2429 16.242 
-4.25048 6.08991 18.4552 
-7.35427 7.56365 17.7177 
2.74565 19.81 16.6509 
-0.778397 20.2513 16.1933 
0.569917 20.3249 16.1722 
-6.18165 15.9699 16.5809 
-1.89646 15.2227 16.9587 
-3.36392 19.2134 16.7817 
4.13837 7.40393 16.9926 
-0.77792 20.2495 16.242 
-0.251303 20.3497 16.1933 
-0.754365 20.2554 16.242 
-0.754657 20.2567 16.2177 
-6.69535 16.9781 16.3772 
0.545641 20.3238 16.1478 
-6.47752 7.3027 17.9792 
-0.275295 20.3456 16.1933 
-6.5384 8.78393 17.4096 
2.82339 19.7916 16.6509 
2.94872 20.8744 16.6282 
-3.64327 20.256 16.6453 
-0.291312 20.3691 15.8931 
-7.36217 7.56688 17.7564 
3.11748 21.9399 16.549 
-3.66504 20.2498 16.6453 
-0.993779 21.3817 16.2417 
11.4717 12.1703 13.4502 
-0.33999 20.3579 15.868 
-0.432493 21.4937 16.1083 
6.7725 16.8308 14.7609 
-0.456378 21.4896 16.1083 
0.630805 21.4867 16.0252 
11.4439 12.2249 13.4502 
0.611723 5.99942 18.305 
9.02435 10.8479 14.8037 
3.09511 21.943 16.549 
-3.5411 19.1732 16.6896 
4.94528 14.7504 15.0645 
-3.51981 19.1818 16.6896 
-0.40849 21.4972 16.1083 
2.99259 20.8632 16.6735 
3.15856 20.8226 16.6282 
0.402443 2.2736 19.6212 
-0.456512 21.4903 16.1326 
-1.07362 21.3531 16.278 
-4.00879 20.1671 16.6551 
-2.5769 13.9456 16.9181 
3.13973 21.936 16.549 
-3.30646 11.6964 17.5521 
-3.94764 21.3034 16.4489 
0.775729 21.4738 16.1113 
5.56407 15.964 14.8194 
5.04614 14.6756 15.008 
3.24575 21.8935 16.7291 
6.07084 17.2424 14.4977 
3.193 6.85366 17.7957 
-0.392528 21.5757 15.7273 
3.11757 21.9405 16.5717 
6.61307 18.5329 14.154 
3.26766 21.8898 16.707 
-0.553838 22.6475 15.9617 
-0.41724 21.5672 15.6763 
3.86043 13.7178 15.0742 
-0.456637 22.799 15.5725 
-3.98792 20.1768 16.6551 
7.15834 19.8686 13.8789 
6.72743 16.8673 14.7609 
-0.554111 22.6495 15.9862 
1.0652 11.4133 17.2786 
-2.34071 15.1133 17.2679 
-0.529705 22.6504 15.9617 
-0.673362 22.627 16.0962 
-0.430986 22.7999 15.5725 
0.872909 22.6314 15.9645 
-0.676686 23.8132 15.7761 
-4.02381 21.2798 16.4489 
3.45949 21.8585 16.549 
0.934184 23.8006 15.7537 
-6.71635 16.9669 16.3772 
-4.52436 21.1287 16.6323 
-5.08696 22.0577 16.5525 
0.799844 21.4709 16.1113 
-7.31152 17.9495 16.1075 
-4.48371 21.1494 16.6323 
-0.721176 22.6184 15.9617 
-0.696987 22.6216 16.0477 
-4.40224 22.3315 16.2358 
-4.90457 22.1506 16.5525 
0.934499 23.8066 15.8033 
1.43751 13.4876 16.9558 
2.54075 16.4911 17.0126 
3.48323 22.9063 16.7619 
-0.65223 23.8162 15.7761 
-4.27051 22.3734 16.2358 
-7.2908 17.9619 16.1075 
-4.94635 22.1326 16.5981 
3.46206 22.9111 16.7619 
-1.02523 23.7532 15.8009 
0.909763 23.8075 15.8033 
3.81541 22.8804 16.4122 
-4.29305 22.3665 16.2358 
7.88601 10.1111 15.1535 
0.959195 23.8049 15.8033 
-1.02455 23.7507 15.7761 
-4.42438 22.3234 16.2358 
-5.701 22.9611 16.4608 
-0.430986 24.0384 15.4029 
1.08375 24.99 15.6528 
1.10854 24.987 15.6528 
7.7281 21.2242 13.6775 
-5.31621 23.1592 16.4148 
-0.495287 24.0302 15.3507 
7.71885 17.8386 14.7174 
3.74927 23.8992 16.7404 
-0.652503 23.8188 15.8009 
1.22485 13.525 16.2712 
8.2595 22.6086 13.5529 
-7.87701 18.9773 15.7667 
1.29719 26.178 15.4876 
3.65436 23.9189 16.7833 
3.65468 23.9207 16.7404 
-0.777154 25.0048 15.6124 
-0.888403 24.9893 15.6124 
3.49677 12.4576 15.4033 
7.51578 18.0015 14.6594 
1.05913 24.9956 15.703 
-1.33228 24.8991 15.562 
-0.903576 26.2076 15.4596 
-4.54494 23.4911 16.0782 
-1.334 24.9055 15.7007 
0.678101 20.3136 16.1478 
8.23032 22.6193 13.5529 
-5.45554 23.0824 16.6206 
1.05887 24.9922 15.6528 
-0.928738 26.2045 15.4596 
-5.29501 23.1678 16.4148 
-1.11912 27.4066 15.2405 
-0.863643 24.9936 15.6124 
-0.838759 24.9972 15.6124 
-4.8027 6.66321 18.1783 
1.32217 26.1737 15.4876 
7.76324 10.3119 15.2072 
-7.35851 7.56539 17.737 
8.7168 24.0164 13.5064 
-5.00443 6.43098 18.2994 
-1.11562 26.1807 15.5106 
-7.22123 7.8083 17.7177 
4.01436 24.8885 16.6651 
-5.78488 24.1551 16.2166 
3.99355 24.8937 16.6651 
-0.965181 26.2 15.4596 
-1.16457 26.1667 15.4596 
1.12185 26.1923 15.6653 
-5.74151 6.83596 18.0741 
7.69766 17.8583 14.7174 
1.57657 27.3705 15.3849 
10.2469 11.5198 14.4611 
-0.929028 26.2067 15.4851 
1.27208 26.1816 15.4876 
1.42546 27.3954 15.3849 
1.12166 26.1903 15.4368 
1.29677 26.1754 15.4622 
3.79074 24.9136 16.8569 
3.74879 23.8974 16.7833 
-0.878331 26.2098 15.4596 
8.59187 18.8942 14.6888 
-8.23704 7.88128 17.3906 
-0.878598 26.2134 15.5106 
7.78107 21.192 13.6156 
-8.23023 7.8999 17.3906 
-2.92738 5.30235 19.1401 
-0.929206 26.208 15.5106 
-0.942192 27.4268 15.4214 
-6.53685 7.2412 17.855 
-7.9917 8.34359 17.3906 
10.1112 11.5763 13.8987 
-1.451 12.1742 17.4819 
1.60075 27.3613 15.3335 
1.55138 27.3755 15.3849 
-5.96371 24.0065 16.6979 
-7.36999 7.66571 17.6355 
-0.916649 27.4325 15.2921 
-1.03116 27.4215 15.2663 
1.15994 27.4135 15.2034 
1.94499 28.5459 15.1645 
-7.34683 7.58112 17.7177 
1.96673 9.41057 16.8814 
4.28144 25.8852 16.5785 
8.29164 19.1431 14.5435 
-5.78729 24.1601 16.2633 
-0.942356 27.4315 15.2921 
-7.97715 18.9286 15.8169 
4.55006 26.8878 16.5023 
1.61717 28.6058 15.2949 
-3.87077 12.5085 17.5103 
1.13374 28.6621 14.9786 
4.28337 14.9319 14.4688 
-1.33091 27.3773 15.4724 
4.3015 25.8767 16.535 
8.2653 19.1557 14.4856 
1.2087 27.376 15.6901 
-1.4812 27.3484 15.2921 
-1.84575 3.90439 19.3007 
-6.27536 25.1701 16.0017 
-1.50594 27.3413 15.2921 
-5.64481 14.9939 16.7464 
-1.30584 27.3817 15.4724 
-1.86446 28.529 15.1879 
1.8062 28.5742 15.2949 
1.59178 28.6094 15.2949 
-1.77623 28.5496 15.1358 
0.0712238 5.23196 18.7637 
4.81987 27.8947 16.3705 
-1.13481 28.6568 15.0699 
6.04837 17.2634 14.556 
8.70513 18.7846 14.7459 
-0.766794 7.08965 18.6863 
9.21174 25.3908 13.5369 
-8.4625 20.0429 15.3998 
-5.37264 7.31904 17.9633 
-5.9973 14.7085 16.7464 
1.15994 28.6691 15.0315 
-8.72101 19.9083 15.5823 
-9.19064 8.16884 17.0323 
9.00828 10.7279 14.5505 
2.76109 6.01098 17.7533 
1.33054 28.5353 15.7269 
-1.28617 28.6266 14.9515 
-1.31323 28.6321 15.0039 
2.02377 29.7832 15.1918 
11.5417 12.1456 14.1869 
-1.41834 29.8841 14.6411 
-1.16105 28.6573 15.0961 
1.91839 28.5468 15.1126 
8.65755 24.0342 13.4444 
-1.18661 28.6513 15.0699 
-1.91396 28.5129 15.1879 
-2.18597 29.7288 15.0967 
-2.38358 29.6637 15.1488 
-4.92571 22.1422 16.5981 
-1.31257 28.628 14.9777 
1.18662 29.941 14.9247 
-1.26611 29.9085 14.9374 
-1.35887 31.1706 14.737 
-10.2296 8.42373 16.7095 
1.15994 29.9414 14.9247 
5.85661 15.7915 14.877 
-5.2153 14.019 17.094 
4.8417 27.8914 16.4145 
10.2175 11.312 13.9016 
5.86423 8.78646 16.1824 
8.36966 11.4804 14.4082 
-6.79953 15.4308 16.3703 
-1.3591 31.1735 14.7637 
-2.1862 29.7297 15.1488 
-1.33235 31.1725 14.737 
1.45075 29.679 15.7269 
1.2533 31.2134 14.8846 
-2.21097 29.7217 15.0967 
-1.3325 31.1753 14.7637 
1.09416 29.9238 14.6824 
-1.17432 29.9173 14.8972 
-1.33215 31.1687 14.7103 
5.14543 28.8974 16.3374 
4.29054 8.45156 17.0675 
1.06767 29.9228 14.6824 
-1.49342 32.4515 14.6558 
1.22666 31.2143 14.8846 
-1.3057 31.1697 14.7103 
9.18666 12.5339 13.6929 
-2.90827 30.7788 15.123 
-1.30585 31.1763 14.7637 
1.22666 32.4753 14.9109 
-1.14753 31.1948 14.7899 
-2.5078 30.9299 14.966 
-1.42637 32.4496 14.4654 
9.72002 19.6607 14.7882 
5.18744 28.8842 16.3815 
2.30468 30.9809 15.1014 
-8.47753 20.0174 15.3482 
-1.55476 31.182 14.3637 
-9.5151 20.8889 15.4095 
-1.39938 32.4515 14.4654 
5.85976 15.7474 14.6169 
-1.49578 33.7629 14.2853 
-2.75101 10.9141 17.7247 
7.90206 10.1208 15.2072 
6.04438 17.2537 14.4977 
2.64877 32.1651 14.9979 
1.22666 32.4771 14.8582 
-1.3057 32.4542 14.4654 
-1.30585 32.4575 14.6018 
5.56196 29.8599 16.3596 
1.31939 32.4744 14.8582 
-9.18402 8.16691 17.0109 
-9.53545 20.8719 15.4095 
4.64599 26.8656 16.3917 
-2.85619 32.1291 14.8082 
-1.46821 33.7648 14.2853 
-3.48696 31.8582 15.0845 
-1.10735 32.4726 14.696 
-1.33268 32.4571 14.6018 
1.34555 32.4708 14.9109 
-1.10735 33.7528 14.5885 
5.5613 29.8582 16.4033 
-1.33246 32.4441 14.4111 
9.26866 25.369 13.5369 
11.4805 12.1745 13.4813 
11.2959 12.3456 13.2337 
9.68102 26.7389 13.6416 
3.03067 33.3405 14.959 
-6.8145 15.4137 16.3703 
10.1443 11.5618 13.9583 
-3.44092 31.8807 15.0332 
-5.99412 7.96738 17.6502 
1.49996 33.6942 15.0014 
3.00595 33.3481 14.959 
-4.1151 32.8955 15.1099 
-1.40021 33.7456 14.3975 
-3.26896 33.3143 14.5823 
8.47475 22.4856 13.2712 
-7.24191 7.77646 17.7177 
5.58224 29.8518 16.3596 
-3.7519 34.4972 14.3386 
-5.74862 6.84023 18.2183 
-1.17394 7.79559 18.4605 
-3.22073 33.3368 14.6354 
-6.67402 16.9885 16.3772 
-1.42724 33.7438 14.3975 
-1.40037 33.7486 14.4247 
-3.21889 33.3305 14.5823 
1.36252 4.1741 18.8068 
9.67914 19.699 14.8439 
3.05514 33.3322 14.959 
4.7993 27.9027 16.4145 
9.24877 23.7633 12.9043 
7.53978 10.443 14.9677 
-1.46784 33.7579 14.2299 
-4.31258 22.3511 16.1885 
3.29788 34.5363 14.9846 
2.25431 30.9916 15.1014 
-5.35091 7.34944 18.0003 
-4.78178 33.8767 15.1969 
4.9129 8.17846 16.6621 
10.1501 28.0414 13.7871 
9.46713 19.9299 14.5892 
11.544 11.8692 13.297 
-9.0173 21.191 15.0867 
-4.74034 33.9037 15.1969 
1.68639 34.8713 15.1518 
-1.46805 33.7618 14.2575 
0.364802 19.1711 16.122 
3.54768 35.7115 15.0224 
10.5372 29.3228 13.956 
8.2431 19.1746 14.5435 
-1.49554 33.7599 14.2575 
-3.52352 34.5715 14.3386 
-1.08055 35.0333 14.4945 
-1.46865 35.0515 14.1904 
1.71077 34.867 15.1518 
-6.74739 26.2303 15.8428 
-9.15378 8.23219 16.9897 
-3.54963 34.5649 14.3386 
11.532 11.8973 13.297 
-4.2589 35.7036 14.1594 
-1.44121 35.0525 14.1904 
-9.49423 20.9053 15.4095 
-2.78204 12.6889 17.7161 
1.94716 35.9791 15.3561 
-1.44113 35.0486 14.1628 
-1.46881 35.0545 14.218 
-3.7674 35.8501 14.1043 
0.884694 25.0021 15.703 
10.353 20.9563 14.4753 
10.0328 13.6479 12.9242 
-1.53785 35.0937 14.1735 
1.66275 34.8817 15.1022 
-4.2842 35.6928 14.1594 
11.3001 12.3847 13.2946 
2.97095 20.87 16.6282 
-3.94682 37.161 13.8519 
3.40937 34.506 14.9334 
-3.97441 37.1571 13.8519 
10.871 30.5685 14.1329 
-3.57553 34.5575 14.3386 
-4.73353 36.9401 14.0482 
-1.51025 36.3784 14.0085 
4.29753 8.46163 17.1108 
-4.08827 38.5069 13.6666 
-10.4079 21.801 15.2485 
-5.29587 34.9139 15.2938 
-1.53829 37.7169 13.8394 
-4.70693 36.9481 14.0203 
1.78554 36.05 15.1392 
10.3744 20.9376 14.4753 
8.90716 20.3825 14.4423 
-1.01343 36.314 14.3868 
-7.34651 7.60205 17.7564 
-5.47454 34.7897 15.3415 
3.49366 34.4745 14.9846 
11.2793 12.3703 13.2337 
1.68749 34.8782 15.1022 
-1.53837 37.7194 13.8675 
-1.51025 37.7174 13.8394 
10.1784 28.0347 13.7583 
-1.84724 9.32898 18.0628 
10.8968 30.5611 14.1329 
-1.63522 36.4201 14.0759 
-7.23182 7.79254 17.7177 
-1.53861 39.0663 13.6546 
9.26938 25.3707 13.4758 
1.87125 36.0384 15.1392 
1.9491 35.9882 15.309 
-1.44121 36.3732 13.9526 
-1.66258 35.083 14.1735 
-3.95365 35.8103 14.1594 
3.29829 34.5381 14.9334 
-4.1165 38.5035 13.6666 
3.78546 35.6636 14.844 
2.15546 5.44299 18.2773 
10.7641 20.4707 14.7605 
3.90066 35.6048 15.0224 
3.94748 35.5868 15.0224 
-4.26914 37.0948 14.0203 
-1.51025 39.0668 13.6546 
-4.05995 38.5095 13.6666 
-7.69723 16.0982 15.914 
11.5317 12.1408 14.1263 
3.57105 35.7016 15.0723 
-11.3367 22.6915 15.0722 
9.03992 20.2955 14.2375 
-1.77429 37.7433 13.9642 
1.66236 34.8786 15.127 
-8.6477 16.7585 15.369 
-4.73297 36.9386 14.0203 
5.94691 30.8034 16.4782 
-5.11669 38.2093 13.8528 
-1.60854 39.0573 13.5978 
10.105 25.0231 12.5469 
-8.6352 16.8106 15.4192 
-10.2237 21.955 15.3022 
-1.53873 40.4265 13.4827 
10.1487 28.0372 13.8157 
-4.2954 37.0857 13.9925 
-4.18499 38.4867 13.6097 
1.51269 27.3752 15.2427 
2.17197 37.0368 15.5626 
-1.51025 40.4269 13.4827 
9.00811 25.4613 13.2587 
-4.84634 36.8874 13.9925 
-1.58151 41.7884 13.2374 
3.79415 36.8711 14.9976 
4.40687 36.6795 14.9976 
10.2022 28.0167 13.8157 
-4.10279 39.8725 13.4943 
12.4689 13.2346 12.5232 
3.92262 35.592 15.0723 
2.36748 38.0609 15.7056 
-1.60891 39.0645 13.6546 
-4.32986 39.8506 13.4943 
-4.41082 13.3401 17.4791 
-1.4819 39.0663 13.6546 
2.50506 39.0645 15.7908 
4.16148 36.8208 14.6902 
-1.9133 39.0658 13.8665 
-10.1552 8.53414 16.5503 
-1.71087 14.186 17.2246 
2.58787 40.0493 15.8633 
10.0514 25.0579 12.5469 
2.6181 41.008 15.944 
-4.07393 41.2458 13.3062 
-9.66667 17.3901 14.7257 
-4.20271 39.8701 13.5517 
1.66188 11.3247 16.857 
-1.53881 40.429 13.5113 
11.0311 26.2432 12.1017 
-5.52981 39.4807 13.6697 
10.7636 29.2103 14.0528 
11.841 21.2192 14.7193 
-5.24515 13.9876 17.0722 
10.1087 25.0284 12.5792 
10.9464 14.8262 12.1644 
6.02564 30.7941 16.3269 
-8.63366 16.7785 15.369 
-1.53885 40.4306 13.54 
2.54676 39.0579 15.7908 
-1.48178 40.4265 13.4827 
2.5985 41.9471 15.9736 
12.9758 12.3844 12.7493 
-4.97665 6.48232 18.3338 
-5.52762 39.474 13.6134 
4.517 37.9987 14.5218 
6.70553 9.5755 15.6122 
2.54988 42.8747 15.9541 
-1.4817 40.429 13.5113 
-1.51025 40.4295 13.5113 
-1.43884 41.7957 13.2951 
4.85222 37.7709 14.9606 
5.32726 38.8378 14.985 
11.3116 30.3434 14.2932 
-5.55639 39.4716 13.6697 
10.6165 20.5981 14.9531 
-1.51025 40.4311 13.54 
-1.48166 40.4306 13.54 
-1.50412 27.3353 15.2405 
-12.323 23.5428 14.9628 
9.20874 12.5166 13.6929 
2.23252 10.4393 16.3828 
-6.06561 40.7194 13.4994 
11.8299 31.4453 14.4602 
-9.17672 8.16479 16.9897 
-4.00129 42.6319 13.1896 
2.6181 41.9435 16.0126 
2.48196 43.7994 15.886 
-4.54361 41.2002 13.2483 
2.50135 43.8008 15.886 
4.8651 39.1967 14.417 
1.61336 8.44131 17.2549 
2.43286 44.7328 15.7679 
3.49547 18.2942 17.2148 
11.5191 11.9249 13.297 
9.4678 19.9307 14.6176 
-4.51526 41.2042 13.2483 
-8.49923 20.0044 15.3482 
12.041 27.4378 11.6295 
7.87206 10.1333 15.1535 
3.03687 11.3653 15.9611 
2.43274 44.7342 15.7876 
-4.73155 42.5733 12.984 
-7.24937 27.2969 15.7438 
-1.04031 36.315 14.3868 
-7.98031 8.35981 17.3906 
2.63771 41.9471 15.9736 
5.30552 38.8491 14.9361 
11.2826 31.7484 14.2904 
2.45244 44.7341 15.7679 
2.47204 44.7348 15.7679 
-10.9204 23.0277 15.2083 
2.43268 44.7351 15.8074 
-4.63107 42.5853 12.984 
-7.80817 28.3391 15.7066 
-5.92051 40.7749 13.5562 
-4.03037 42.633 13.1896 
-6.64389 41.9481 13.3134 
10.112 13.5847 12.9242 
2.45236 44.7356 15.7876 
-10.7532 17.9873 13.9743 
-7.9684 8.37566 17.3906 
10.845 30.575 14.1329 
-1.3732 33.7495 14.4247 
5.34937 38.8276 14.985 
-3.97226 42.6299 13.1896 
10.7626 20.4696 14.8157 
-6.61801 41.9601 13.3134 
-3.46431 31.8701 15.0845 
-4.67542 43.9993 12.7903 
4.8137 39.2067 14.3645 
3.92421 35.5962 15.0224 
2.70571 42.8734 15.9541 
2.47201 44.7363 15.7876 
5.25137 40.3856 14.3777 
-5.47551 38.0606 13.8102 
-4.03037 44.0201 13.146 
2.82193 43.7933 15.886 
2.50429 39.0583 15.8327 
-4.78721 42.5537 12.9256 
9.23027 12.4986 13.6929 
2.98774 44.7145 15.7876 
2.49216 45.6892 15.6372 
5.89127 39.8384 15.0211 
2.50134 43.801 15.925 
12.9647 12.4146 12.7493 
-4.00139 44.0184 13.0878 
-9.53116 20.8669 15.3564 
3.20498 45.6404 15.7078 
-8.41598 29.3428 15.6821 
-2.47981 30.9247 15.1745 
10.1403 11.5258 13.8987 
5.04796 40.435 14.1394 
3.47248 46.5611 15.6777 
-5.97186 40.7492 13.3559 
-2.50657 13.9715 16.9181 
-3.69462 5.57177 18.6435 
-3.85626 44.0108 13.0878 
5.60957 41.5718 14.3518 
-10.3799 21.8095 15.0587 
5.92826 42.7612 14.313 
3.78563 47.4606 15.6976 
2.54312 46.6617 15.5141 
4.1377 48.3236 15.7659 
12.0156 27.459 11.6295 
2.80266 43.7958 15.925 
-3.69796 5.57431 18.6585 
-8.22927 8.12671 17.3962 
6.47674 40.8052 15.0447 
-4.03037 45.3912 13.1746 
5.95304 42.7541 14.313 
-7.29054 43.1541 13.1405 
-4.52346 21.1271 16.6778 
-9.6878 17.4029 14.7778 
5.65882 41.5558 14.3518 
-9.07153 30.3075 15.5964 
-4.00175 45.3907 13.1746 
2.38277 45.6816 15.5968 
-1.74363 15.2303 17.1369 
11.3117 12.3205 13.2337 
2.49588 11.5124 15.7899 
10.8426 30.565 14.186 
-6.46377 42.0307 13.1089 
-7.24058 43.1825 13.1693 
-10.175 8.40978 16.5056 
6.24429 43.9406 14.2875 
10.2056 11.3064 13.8729 
-10.3863 21.8167 15.1127 
2.38256 45.6842 15.617 
-9.73781 31.2662 15.4489 
-10.4025 32.244 15.2869 
3.18501 45.6425 15.6677 
-4.76404 24.6399 15.98 
-1.66835 26.0556 15.2794 
2.47201 45.6875 15.7078 
-6.03942 40.73 13.4994 
3.16589 45.6487 15.7078 
6.12368 42.6949 14.2614 
2.40271 45.683 15.5968 
9.28322 26.9035 12.9944 
2.75891 12.6329 15.0923 
-8.00451 44.3329 12.9517 
2.42268 45.6837 15.5968 
-4.70536 45.4272 12.6703 
-10.2457 21.9396 15.3022 
1.6335 16.6152 17.1243 
-6.2041 15.9171 16.3703 
6.64883 43.8108 14.1579 
2.40197 46.6636 15.4099 
-6.64076 41.9416 13.2563 
4.95761 8.11236 16.6155 
3.3159 46.5958 15.6777 
2.3131 45.6798 15.6372 
-7.68269 16.1167 15.914 
-10.3608 32.2711 15.2869 
4.52004 49.1365 15.8793 
3.76738 47.4688 15.6577 
12.4265 13.2412 12.4609 
-4.07415 41.2385 13.2483 
-4.80967 46.8483 12.5657 
2.40219 46.6566 15.3683 
6.21954 43.9468 14.2875 
-4.98801 48.2598 12.4462 
7.18673 44.9235 14.119 
4.11969 48.3308 15.7659 
-5.2396 49.6583 12.4015 
3.47241 46.5609 15.6374 
6.43587 40.8288 15.0447 
2.34884 47.6774 15.2709 
-1.38231 40.4227 13.4827 
1.5775 8.45727 17.2549 
7.23281 44.9 14.119 
10.0908 13.5602 12.8648 
2.40207 46.6604 15.3891 
2.14062 46.6382 15.5141 
-7.7863 28.3507 15.7066 
-9.11982 8.61617 17.1576 
11.8256 31.4365 14.5104 
11.9896 27.4793 11.6295 
1.95467 47.6136 15.3781 
8.28652 22.5927 13.4907 
-10.9374 33.3201 15.1356 
5.87011 39.8496 15.0211 
-7.14991 43.2255 13.1981 
4.83284 8.17493 16.4535 
0.678536 20.3169 16.1965 
3.43368 46.5715 15.6777 
-7.61472 44.5165 13.155 
3.6321 47.505 15.6577 
2.37061 47.6686 15.1198 
-5.21032 49.6634 12.4015 
-11.4645 34.4106 14.9698 
11.0692 31.751 14.4689 
1.91489 47.6002 15.3361 
2.37061 48.7258 14.8951 
0.88409 21.4582 15.9385 
1.41115 33.7243 14.7662 
-7.64167 44.5066 13.155 
4.64524 26.8635 16.3695 
-5.56011 51.0253 12.4308 
-5.91534 52.351 12.5315 
7.66097 46.0515 14.1445 
2.34833 48.7254 14.8951 
4.12109 48.3345 15.727 
3.44521 47.5394 15.6976 
2.37061 48.7215 14.8727 
3.81051 48.4404 15.5877 
2.29107 49.8181 14.6865 
1.63087 48.5772 15.1422 
-10.7271 18.0325 13.9743 
7.70764 46.0307 14.1445 
-9.77944 31.24 15.4981 
5.04771 27.8495 16.1778 
3.84954 48.4321 15.5877 
-4.97182 25.7948 15.9431 
9.8849 21.4085 13.971 
-11.9356 18.5583 13.1606 
1.79601 48.6153 15.293 
2.39289 48.7254 14.8951 
3.83015 48.4368 15.6277 
-1.2115 41.7745 13.2374 
3.94092 49.3928 15.507 
12.8809 12.7629 13.0228 
8.23061 47.1123 14.1824 
-5.73997 6.85578 18.2183 
7.72509 21.2169 13.6156 
2.34846 48.7212 14.8727 
3.47711 18.3039 17.2148 
-7.89818 18.9646 15.7667 
-1.94105 39.0635 13.9223 
-7.98947 8.36647 17.4312 
1.65748 49.6267 15.2609 
-5.21013 49.6622 12.342 
2.34755 49.8117 14.605 
1.17915 13.5298 16.2712 
-5.9166 52.3557 12.4742 
-8.23964 8.08595 17.3547 
-2.86052 30.7981 15.1745 
3.00353 17.4219 17.0886 
-7.22694 27.3074 15.7438 
-11.2984 22.7298 15.0722 
4.09775 49.3584 15.4665 
-10.3598 21.827 15.0587 
2.37061 49.812 14.605 
4.1178 49.3552 15.507 
4.04615 49.3579 15.6475 
7.86759 45.9482 14.0934 
8.06656 47.1776 14.2323 
4.92315 9.2847 16.6402 
2.3477 49.8068 14.5818 
6.45649 40.8174 15.0447 
-1.64401 26.0625 15.2794 
1.63631 49.6236 15.2609 
1.30735 49.5729 14.9537 
2.39368 49.8117 14.605 
1.55136 50.6363 15.2397 
-10.2241 8.44573 16.7095 
2.47319 49.8165 14.6865 
0.996885 50.6018 14.7488 
-13.2 19.1534 12.3137 
-6.06658 40.7217 13.5278 
2.42916 50.945 14.364 
11.352 30.3084 14.3448 
2.5408 18.7369 16.6623 
2.37061 50.9498 14.3881 
0.975205 50.5952 14.7488 
4.06232 50.3537 15.4359 
-5.94424 52.3478 12.4742 
10.5302 29.2999 14.0528 
8.61219 18.874 14.7459 
11.0475 14.5788 11.9146 
-6.36303 53.6367 12.5025 
2.14017 46.6406 15.5552 
-4.71916 23.4103 15.8586 
-1.70762 40.4058 13.2805 
-3.622 20.2644 16.6908 
0.953746 50.5878 14.7488 
8.22872 47.1083 14.2323 
-9.61398 17.4908 14.7516 
-5.23938 49.6571 12.342 
0.536929 51.609 14.5502 
1.45695 50.6208 15.2821 
2.45302 50.9441 14.364 
-1.65462 33.7277 14.6154 
2.4894 52.1044 14.0915 
2.51403 52.1082 14.1162 
1.46671 51.6444 15.1653 
8.67703 48.1742 14.3783 
-11.5099 34.3875 14.9698 
0.580176 51.6256 14.5502 
1.39219 52.6586 15.0368 
1.04395 12.4469 16.716 
1.25076 51.5909 15.3548 
-6.3636 53.6385 12.4459 
2.78705 6.0143 17.8177 
4.3695 50.2935 15.2912 
-6.39042 53.6293 12.4459 
8.42395 48.2775 14.3783 
4.21485 51.3167 15.3126 
4.14832 7.38346 16.9707 
-7.28367 43.1405 12.937 
2.4895 52.1091 14.1162 
-6.61508 41.9535 13.2563 
-12.1876 23.6767 14.9081 
2.48959 52.113 14.141 
8.55165 46.9548 14.004 
8.27314 47.0856 14.2323 
8.74292 49.3332 14.5765 
0.256168 52.6991 14.287 
11.8252 21.2416 14.7193 
9.01132 50.3348 14.8195 
7.52215 10.4612 14.9677 
10.8004 22.4918 13.7157 
-5.18974 26.9368 15.9674 
-6.521 7.23377 18.1456 
0.0716714 16.8409 16.3043 
-8.74407 8.97709 16.9897 
-11.5932 24.1129 15.0469 
2.31636 48.7127 15.184 
2.51424 52.1121 14.141 
-10.9611 33.3109 15.1861 
9.28948 47.9268 13.9015 
0.556426 51.6229 14.597 
4.92237 49.8873 16.0323 
11.9611 31.3146 14.634 
10.079 48.8611 13.863 
-0.017043 53.8119 13.9538 
7.20995 44.9121 14.119 
10.8277 30.5097 14.3448 
4.41723 50.2768 15.4766 
4.65731 51.2471 15.0573 
-12.305 23.5634 14.9628 
4.21523 51.3192 15.3538 
2.53852 52.1065 14.1162 
-4.7789 6.68701 18.1783 
-0.404762 25.2898 15.2448 
10.0593 48.8775 13.863 
1.94315 28.5397 15.1126 
11.3293 30.3205 14.3448 
4.73428 51.1873 15.4564 
9.24806 47.9569 13.9015 
-7.66831 44.4959 13.155 
4.94341 52.2314 14.7593 
10.9093 49.7454 13.8377 
2.51852 11.5067 15.7899 
4.19491 51.3221 15.3538 
2.76404 5.98683 17.717 
7.87284 10.1658 15.2072 
5.07903 52.0854 15.3857 
4.29781 52.3012 15.2815 
-5.50311 51.0393 12.3721 
11.2222 32.8649 14.7953 
-11.2322 8.82271 16.095 
1.47779 50.6245 15.2821 
-1.27894 32.4441 14.4111 
1.57263 50.6363 15.2821 
2.66403 53.3007 13.8873 
3.42916 6.69759 17.4804 
2.53813 52.1018 14.0915 
0.130213 52.6671 14.5023 
-12.2109 25.2366 14.8161 
11.8963 16.0768 11.4054 
9.03509 50.3395 14.7766 
2.4643 53.2943 13.7726 
4.98276 8.10375 16.6621 
-7.17638 43.2142 13.1981 
-4.83688 23.398 16.0782 
-7.97164 44.3321 12.5371 
1.42499 27.3919 15.3335 
2.35142 29.7119 14.8212 
-3.34873 5.76149 19.088 
-0.52145 25.2758 15.0584 
-4.42513 39.821 13.2915 
2.66312 53.2911 13.798 
1.30231 51.6004 15.3548 
-10.752 18.048 14.0283 
9.48315 28.3633 12.6487 
2.55138 53.2993 13.8365 
4.39101 52.2952 15.1765 
-9.6776 17.3967 14.7516 
1.12109 31.2051 14.3098 
-11.9044 18.5436 13.1048 
9.28239 51.2686 15.0586 
1.263 53.6807 14.8513 
7.86661 45.9467 14.1445 
11.8244 21.241 14.6643 
1.30567 53.6903 14.895 
3.18586 23.0244 16.4579 
2.55149 53.3042 13.8618 
2.60179 53.3015 13.8618 
9.89218 48.9958 13.8117 
-6.02098 7.94052 17.6502 
2.55158 53.3082 13.8873 
-5.72115 52.4159 12.3283 
2.36596 38.0524 15.7485 
2.57687 53.3073 13.8873 
11.2272 21.9908 14.3759 
14.347 13.2907 12.5699 
15.8691 13.7499 12.09 
1.13326 29.941 14.9247 
-2.63587 4.76298 19.0693 
2.82809 30.8797 14.4546 
2.72952 54.5168 13.5751 
4.58071 53.2898 15.0485 
12.4621 13.1922 12.4609 
0.973719 31.2009 14.3098 
2.66725 54.5367 13.7185 
11.7796 50.58 13.7998 
1.23063 51.5863 15.3548 
-11.8983 18.7585 13.3048 
0.27269 1.90264 19.6572 
-5.94283 52.3432 12.5315 
2.77152 55.7785 13.561 
-3.79862 44.0048 13.0878 
10.4825 50.0696 13.7088 
-8.59729 16.8259 15.369 
-7.79901 44.4367 12.9958 
4.02879 24.8616 16.8569 
-4.39711 39.8259 13.2915 
12.9307 21.9269 14.6921 
-1.3821 40.4252 13.5113 
5.59085 10.1458 16.127 
2.61549 54.5394 13.7185 
2.80264 43.7956 15.886 
9.91431 48.9829 13.863 
2.77169 55.7807 13.5872 
2.79753 55.7761 13.561 
-6.18555 35.6313 15.4926 
-5.56311 51.0372 12.2229 
8.83746 10.8025 14.2151 
2.7718 55.7821 13.6135 
-0.264501 54.9761 13.5947 
-6.79258 16.8666 15.914 
-8.73127 8.99341 16.9897 
-6.76697 26.2147 15.7938 
9.56584 52.141 15.2735 
-4.95794 48.259 12.3865 
-3.90376 46.7274 13.2729 
0.334867 15.7174 16.4632 
2.51378 52.1035 14.0915 
-10.9827 33.298 15.1861 
-3.52132 34.5621 14.2846 
-4.42806 13.3285 17.4791 
-6.59176 41.9713 13.3134 
-6.93164 43.3303 12.7847 
0.0753518 2.06738 19.7942 
12.9583 28.7555 11.1639 
5.25307 53.258 14.4357 
-3.25635 5.80893 19.1783 
-5.74965 52.4097 12.2699 
10.505 50.0571 13.7088 
9.69808 19.6786 14.8439 
-10.2671 21.9235 15.3022 
3.91196 25.8745 16.9792 
10.0784 48.8604 13.8117 
12.685 51.3616 13.7747 
-6.89897 54.8755 12.4035 
2.79776 55.7784 13.5872 
2.82345 55.773 13.561 
9.34717 51.2999 14.9151 
11.0398 51.1633 13.6187 
-4.54483 38.3919 13.8528 
-6.6443 41.9494 13.4138 
8.71633 24.0151 13.4444 
2.79791 55.7798 13.6135 
9.89262 48.9965 13.863 
5.52312 54.3584 14.1576 
2.86347 57.0308 13.5741 
-4.85709 23.3835 16.0296 
9.07391 10.7648 14.8037 
2.49794 39.0137 15.9758 
13.624 52.09 13.6875 
-11.1082 33.2154 15.1861 
1.22829 54.7433 14.8064 
-8.24413 8.08807 17.3754 
3.28779 21.8797 16.7511 
3.06826 13.7875 14.2795 
-5.92929 52.4038 12.119 
2.37455 54.5152 13.4167 
4.76341 54.3045 14.9074 
11.8244 16.0895 11.339 
-10.8982 23.0428 15.2619 
14.6003 52.7685 13.5372 
-6.64253 41.9453 13.2848 
8.85419 10.9248 14.4082 
2.79293 54.5261 13.5612 
12.9156 21.9494 14.6921 
5.56939 54.346 14.1576 
-3.27506 11.7223 17.5929 
-8.24803 8.08991 17.3962 
-1.58128 31.1734 14.3361 
-4.31814 6.005 18.4307 
-6.03801 53.7663 12.0946 
2.58938 55.7853 13.561 
2.55138 54.5131 13.4837 
-6.32715 23.8621 16.3802 
-1.41072 40.4246 13.4827 
2.9934 57.014 13.3355 
-6.73495 8.55655 17.265 
5.95757 55.4602 13.9326 
11.9533 31.3021 14.6819 
1.90904 9.37883 16.7292 
2.82375 55.7752 13.5872 
-5.6993 22.9587 16.4148 
-6.0389 53.7705 12.1531 
-5.07665 49.6729 12.1311 
-1.71362 12.0779 17.9303 
-13.1522 19.0675 12.1646 
9.84688 52.9486 15.4838 
-0.28907 54.9705 13.5947 
2.82394 55.7766 13.6135 
7.10073 41.7236 15.0797 
-6.06733 53.764 12.1531 
14.4985 12.8438 12.2692 
-11.6588 34.2929 15.0978 
-5.47213 38.0545 13.7542 
-4.82126 36.8991 13.9925 
4.97797 8.0997 16.6388 
2.83431 55.7674 13.267 
-13.2239 19.0997 12.3137 
-5.56206 51.0329 12.1634 
-5.34425 28.0638 16.0508 
1.75921 36.0295 15.2728 
6.39203 56.592 13.7666 
-13.2913 24.4148 14.8672 
-8.82599 8.86064 16.9897 
-11.9232 18.5834 13.1606 
14.4886 12.8759 12.2692 
-6.94557 24.772 16.2411 
2.71138 12.643 15.0923 
2.54993 57.0437 13.3885 
9.42374 19.9665 14.6461 
2.83388 55.7616 13.2403 
12.0755 15.5644 10.8329 
12.7221 17.4097 10.4616 
-6.61673 41.9572 13.2848 
-11.9204 18.5511 13.1324 
5.3048 50.5824 16.2182 
1.36869 4.15826 18.7792 
6.41327 56.5767 13.7155 
2.4645 53.2881 13.7473 
2.86071 55.765 13.267 
5.79062 55.4986 13.8827 
-11.1062 33.2126 15.1356 
-4.92963 14.1767 17.4997 
-6.33599 53.645 12.5025 
-12.261 25.2154 14.8704 
2.49706 57.041 13.3885 
2.99664 57.0583 13.019 
-12.9946 26.2948 14.7608 
-5.07554 22.039 16.756 
-6.29949 55.1376 11.9034 
-7.25844 43.1539 12.937 
8.83665 11.0251 14.6058 
0.0558042 52.6311 14.3348 
-0.496263 56.1916 13.235 
-9.12632 8.61967 17.201 
6.80963 9.44288 15.6122 
-11.0876 33.2299 15.1861 
-7.46643 56.0816 12.3756 
-0.949499 2.7458 19.5976 
-8.72894 9.0188 17.0323 
14.3621 13.2959 12.6362 
-8.81497 8.87822 16.9897 
10.908 49.7441 13.8883 
12.8603 12.7324 13.7692 
-11.1262 33.1975 15.1356 
2.53067 42.8715 15.9929 
7.86731 45.9478 14.119 
-9.54361 9.62327 16.5056 
2.53884 52.1105 14.141 
2.96935 57.0607 13.019 
1.07537 54.7225 14.6495 
6.93714 57.6896 13.4809 
-1.01347 37.5976 14.2926 
15.9071 13.7623 12.3284 
9.26901 47.9422 13.9015 
3.89112 19.1598 17.3856 
2.96902 57.0562 12.9915 
-4.79099 6.67529 18.1783 
6.41569 56.5825 13.7666 
-8.00374 44.3291 12.5958 
11.1412 51.1077 13.6702 
2.96863 57.0509 12.9641 
2.99617 57.0538 12.9915 
2.99561 57.0485 12.9641 
-10.0587 9.11975 17.0562 
-10.2229 21.9538 15.2753 
-5.94367 52.3459 12.5029 
1.60159 27.3648 15.3849 
7.53023 58.7957 13.255 
3.76939 23.8915 16.7833 
-6.4908 56.5343 11.785 
6.07799 56.6695 13.5867 
-2.94795 5.28735 19.1529 
7.85164 10.0885 15.0199 
2.49199 45.6871 15.7078 
9.24829 12.5194 13.7507 
1.99839 29.7876 15.1918 
11.0722 31.6603 14.634 
-7.28641 43.1455 12.9658 
-3.14256 5.16099 18.8832 
7.71803 17.8377 14.6594 
12.5528 32.1848 15.0532 
-0.696377 57.455 12.849 
1.27102 51.5948 15.3548 
2.52348 57.0428 13.3885 
-9.11581 8.63855 17.201 
-7.34999 17.8808 15.369 
-6.87284 54.886 12.4035 
-5.47404 38.0579 13.7821 
6.12379 56.645 13.5356 
1.13944 55.8015 14.7508 
-5.4555 34.804 15.3415 
-0.23718 54.9666 13.5442 
-6.60868 57.9378 11.7407 
-10.5376 32.1372 15.4612 
4.67958 51.2478 15.0999 
8.18723 59.8804 12.9574 
-0.69391 57.4395 12.7948 
11.3061 30.3318 14.3448 
-13.1085 19.4237 12.4679 
-10.3402 21.8653 15.3022 
14.0269 22.6066 14.6515 
1.32102 26.1676 15.4368 
-0.634379 56.1587 13.235 
-10.6572 18.2157 14.07 
8.16919 59.9024 13.0113 
-6.6525 59.3288 11.7698 
-7.23281 43.1665 12.937 
-1.40995 43.1754 13.1207 
11.3582 30.3197 14.2932 
7.84561 45.9614 14.0934 
-5.96839 40.7395 13.299 
-1.00381 57.3833 12.849 
-6.91871 36.4122 15.5827 
6.48098 57.829 13.1624 
-0.495287 25.2762 15.0584 
-6.79857 54.8879 12.5997 
11.779 50.5794 13.7492 
11.0171 51.1754 13.6702 
-6.3365 53.6468 12.4459 
2.54993 58.3197 13.2814 
-6.35861 53.623 12.6014 
3.02415 17.415 17.067 
1.20136 7.60978 17.6914 
4.96414 14.7272 15.008 
11.7664 50.5673 13.9258 
-10.2448 21.9384 15.2753 
-1.23986 41.7779 13.2374 
-6.72494 26.2399 15.8428 
6.8922 57.7162 13.6633 
-1.31964 58.6694 12.464 
10.1187 53.703 15.6717 
3.16107 6.8744 17.7957 
10.317 11.3981 14.4611 
6.53077 57.8128 13.1624 
-4.96517 14.1559 17.4585 
-10.0505 9.09037 16.854 
10.153 53.6993 15.6387 
-5.82757 35.9058 15.3764 
-11.3346 22.6895 15.0451 
8.26762 19.1593 14.5435 
6.33824 57.8938 13.348 
-9.52994 9.66885 16.5503 
6.31236 57.8989 13.348 
5.93403 55.4683 13.9326 
13.1353 32.953 15.4462 
-11.2535 8.61507 15.9752 
6.48635 59.1699 13.1723 
8.16438 59.8941 12.9574 
6.78693 59.075 12.7894 
10.15 11.531 13.9283 
8.91817 60.9555 12.6382 
-9.50856 9.7513 16.7095 
-1.02968 57.3753 12.849 
6.81641 59.0808 12.8442 
6.91362 57.7006 13.4809 
-5.9084 53.7824 12.2994 
-14.3789 20.0377 11.5084 
1.61525 49.62 15.2609 
5.2708 53.239 14.3901 
-8.0909 57.2463 12.2786 
-8.77584 58.3772 12.1676 
9.72503 62.0184 12.325 
-6.54917 56.5251 11.785 
8.69913 48.1648 14.3783 
2.99304 58.2636 13.6 
6.88977 57.7107 13.4809 
9.24508 23.7573 12.8727 
-0.829069 23.7631 16.1202 
9.98732 11.6272 13.6929 
-6.89893 54.8754 12.3753 
2.92319 13.8193 14.2795 
2.57669 58.3193 13.2814 
6.30867 56.6213 13.7666 
-13.1374 19.4392 12.5278 
-8.34074 29.3848 15.6821 
-6.89854 54.8745 12.3471 
-12.2864 23.5834 14.9628 
-1.60317 60.0033 12.0525 
-2.70629 32.1115 15.2126 
-7.87161 18.9603 14.7257 
11.7282 50.5992 13.9752 
-0.501069 5.70395 18.8479 
3.63966 7.70334 17.5608 
1.10882 24.9891 15.6779 
-6.62417 60.689 11.8696 
-1.26831 41.7805 13.2374 
10.4798 54.3943 15.7767 
-7.29176 43.1559 13.0967 
6.44678 45.138 14.1985 
6.68872 57.791 13.6633 
-13.74 27.3673 14.7197 
-6.87044 57.895 11.6817 
-6.75969 54.8574 12.7652 
10.1929 11.3004 13.8445 
9.70263 62.0353 12.325 
-10.9594 33.3079 15.1356 
-9.49249 20.903 15.3829 
3.89921 35.6006 15.0723 
-2.70551 32.1071 15.2628 
4.64425 26.8607 16.3474 
-6.32738 23.8625 16.2166 
-9.51933 59.4713 12.126 
7.8944 10.1162 15.1802 
6.93933 57.6952 13.6633 
2.33763 58.3029 13.2278 
-11.3247 8.6565 16.384 
2.98368 17.4304 17.0886 
-3.94555 37.1511 13.7961 
-10.3115 60.515 12.0986 
-8.29704 29.4071 15.6821 
9.24345 51.2791 15.0586 
6.84272 59.0733 12.8442 
-8.66464 16.7701 15.4192 
-6.63803 57.9351 11.7407 
-1.35007 58.6755 12.5205 
-7.3244 56.1401 12.3756 
2.61684 59.596 13.2412 
7.0894 60.3634 12.39 
12.4943 51.4499 14.1197 
9.60728 29.8422 12.2173 
-7.32045 27.2467 15.519 
-11.1509 61.5084 12.0576 
10.0944 25.007 12.4336 
-7.70671 57.4063 12.334 
-4.9233 25.8025 15.9431 
11.31 33.9083 15.1118 
12.8726 12.7595 12.9906 
6.59472 60.4605 13.0087 
3.76952 36.874 15.0471 
2.16429 59.5687 12.9978 
1.61193 16.6171 17.1243 
6.63552 61.7597 12.7747 
3.37586 32.0435 14.0064 
4.26961 19.9648 17.5941 
-7.67309 37.1358 15.6594 
-12.4165 8.7742 15.4224 
1.35409 28.5281 15.7753 
10.3299 11.3717 14.4611 
-11.7433 34.2395 15.1483 
11.3412 34.8889 15.3966 
-7.26019 56.0905 12.708 
13.2412 52.2457 14.3159 
-9.7774 31.2374 15.4489 
6.99522 59.0227 12.8442 
-10.0694 9.07494 16.8988 
-8.3519 20.1033 13.9743 
6.6356 61.7636 12.8022 
-12.3454 35.2808 14.9457 
4.15061 7.38921 17.132 
-7.28221 56.0736 12.7613 
-6.81311 57.9085 11.7407 
-7.00231 59.2892 11.7116 
2.64329 60.8618 13.2148 
-7.20565 59.2598 11.5637 
7.47572 58.8048 13.6246 
9.19528 12.5452 13.7216 
-6.6525 60.6894 11.8696 
4.12399 8.58469 17.3691 
11.7614 50.5975 13.7492 
4.51521 37.9926 14.4699 
-6.52772 62.0047 12.0082 
-1.38766 22.4343 16.3015 
-8.06695 57.2602 12.334 
10.8159 55.0216 15.9434 
-7.75638 57.2009 12.9811 
-7.16712 56.0282 12.988 
6.63567 61.7666 12.8297 
3.04078 11.3734 15.9857 
9.6529 26.7486 13.6416 
-13.7843 27.3352 14.7197 
12.8724 12.7042 13.7692 
-12.033 62.4478 12.0307 
-6.78352 59.3194 11.7698 
6.57851 59.1539 13.1723 
-7.97858 44.3442 12.5958 
2.7353 62.115 13.1225 
9.96641 13.656 12.8648 
-9.75979 31.2548 15.4981 
8.25119 22.5874 13.2712 
-7.2887 43.1497 12.9948 
-4.9232 25.8018 15.8938 
3.09251 13.7806 14.2795 
-6.78371 59.3212 11.7116 
13.1377 28.6057 11.1639 
-6.75471 59.3238 11.7116 
-8.1473 58.2858 13.2514 
-12.322 23.5417 14.8665 
2.11136 59.5603 12.9978 
-7.80269 57.1803 12.9811 
-6.75459 59.322 11.7698 
3.81144 24.9107 16.8569 
2.59045 60.86 13.2676 
6.66276 61.7587 12.7747 
5.0737 40.4299 14.1394 
-12.9698 26.3068 14.7059 
6.75478 60.441 13.0633 
11.7565 31.4024 14.6819 
9.73128 62.0265 12.3817 
2.64323 60.86 13.2676 
-7.23014 9.52015 17.1048 
9.50625 19.8669 14.8439 
10.8768 49.7854 13.6573 
6.66296 61.7626 12.8022 
-12.2378 25.2293 14.8704 
-13.7836 27.3343 14.6649 
-10.5407 32.1404 15.2869 
-10.043 9.14817 17.0562 
-11.2417 8.85013 16.1432 
7.03174 60.3589 12.334 
-1.59965 59.9868 11.9948 
1.15345 22.6062 15.6617 
-6.6525 60.6942 11.8128 
11.1496 55.5732 16.1304 
10.324 11.3689 14.4316 
6.66335 63.0809 12.5227 
2.77307 6.026 17.8177 
6.66312 61.7656 12.8297 
1.38394 50.6064 15.2821 
9.98994 13.6395 12.8648 
6.68996 61.7569 12.7747 
13.6092 52.11 13.7373 
1.54137 51.6274 15.3548 
6.69028 61.7607 12.8022 
-2.86354 33.2593 15.4096 
-9.47235 59.5005 12.0705 
1.53623 16.6361 16.9705 
7.56325 17.9685 14.7174 
-14.422 28.467 14.6926 
6.64727 43.8076 14.106 
11.6195 52.2444 13.4637 
-12.9564 63.3333 11.9905 
6.69053 61.7637 12.8297 
6.80004 63.0692 12.4947 
12.5888 32.2387 14.8958 
-5.00645 6.43158 18.1952 
-7.93898 28.2678 15.1719 
12.5696 32.2516 14.8958 
-9.47291 59.5014 12.126 
6.79964 63.0637 12.4669 
-4.78812 24.6352 15.98 
-6.50111 7.27392 18.0163 
12.8905 21.9821 14.7464 
-7.2613 59.2404 11.5047 
2.50004 62.0931 13.3583 
8.8145 61.0201 12.6382 
4.12783 7.39339 16.949 
-7.72245 60.5646 11.2523 
12.0547 15.5859 10.8329 
-10.0322 9.16763 17.0562 
-12.0132 62.4661 12.0307 
10.1342 53.6973 15.6717 
-10.9001 23.046 15.1674 
6.80038 63.0737 12.5227 
-3.75518 45.3875 12.9134 
10.6018 63.0557 11.961 
-8.72593 58.4014 12.112 
14.301 29.7211 10.6024 
10.3173 11.3658 14.4022 
6.82706 63.0613 12.4669 
6.93915 64.3987 12.1374 
6.96736 64.3962 12.1374 
2.55147 62.0958 13.3583 
-5.08729 22.0582 16.5753 
15.1465 23.2221 14.6515 
-9.30136 59.5918 11.874 
-9.61818 17.4626 14.7257 
2.52641 63.2974 13.4594 
-8.20358 61.9014 10.9813 
6.93869 64.3925 12.1089 
4.95004 8.07883 16.7522 
12.5739 13.0143 12.4609 
3.41977 6.68779 17.4402 
-6.39042 36.8356 15.5135 
-11.7642 34.2254 15.1483 
11.7631 50.5643 13.9752 
6.93816 64.3854 12.0806 
11.4374 11.8234 13.0264 
-5.98916 14.7315 16.7913 
-15.0404 29.5919 14.5984 
2.62202 6.12911 17.9383 
9.45733 62.1895 12.325 
-4.11607 32.897 15.0591 
-14.5661 19.5828 11.3437 
3.45847 18.313 17.2148 
3.04381 13.7936 14.2795 
-10.4271 10.2371 15.9283 
2.3744 63.2885 13.4594 
-11.4874 34.3994 14.9698 
10.2126 21.0523 14.6741 
-12.8884 63.3981 11.9368 
6.96671 64.39 12.1089 
-6.92574 60.6726 11.8696 
-3.25395 5.82921 19.0617 
6.96597 64.3829 12.0806 
9.24606 47.954 13.8502 
-6.36705 63.2775 12.1161 
11.1187 51.1202 13.6187 
3.01862 11.3837 15.9857 
-15.5982 30.7457 14.4364 
2.36369 58.3099 13.2814 
9.06016 10.7895 14.8037 
9.48691 62.1847 12.3817 
13.7301 18.7376 9.56727 
-6.78 15.4897 16.5341 
1.53055 50.6319 15.2821 
10.1023 63.3919 11.99 
10.6755 20.5226 15.0069 
1.6732 15.5437 17.2544 
-7.05947 59.2783 11.7698 
-11.2993 33.0196 15.4368 
-5.05649 22.0504 16.756 
12.4763 51.4656 14.1197 
-10.9391 33.3231 15.1861 
14.6021 52.7697 13.5623 
-1.74363 16.2814 17.1038 
7.50396 10.4788 14.9677 
-0.848865 4.88921 19.0966 
16.2573 23.8177 14.6779 
2.50168 6.23461 18.1022 
-6.36817 23.8397 16.2633 
-4.24004 6.10189 18.4552 
-7.65797 16.1713 15.9623 
-1.4711 12.1724 17.4819 
-7.7797 57.191 12.9811 
4.65552 20.6852 17.8312 
-5.1135 24.506 15.4528 
-11.9929 62.4838 12.0307 
10.7456 20.4913 14.8157 
6.99368 64.3796 12.0806 
7.23617 65.7257 11.6678 
2.8734 13.8271 14.2795 
-8.77503 58.3759 12.1398 
-11.4047 10.8427 15.2964 
-6.7852 54.8487 12.7652 
-9.87337 60.8071 11.6179 
10.0483 63.4123 11.961 
2.89262 63.3602 12.9638 
10.0769 63.4054 11.99 
-0.890732 28.6691 15.1358 
-10.2662 21.9223 15.2753 
7.20768 65.7307 11.6678 
7.56183 67.1133 11.3178 
6.99549 64.3928 12.1374 
5.32801 38.8395 14.9361 
2.35049 63.2785 13.5091 
5.62597 8.93525 15.8639 
7.76239 42.5954 15.1025 
-2.17403 40.3589 13.9498 
10.5909 64.7037 11.6171 
-4.52956 13.2563 17.2894 
4.82059 27.8974 16.4145 
-5.00003 6.4483 18.3338 
3.06458 64.6163 12.7902 
-1.57187 59.9922 11.9948 
8.99055 50.3401 14.8195 
11.5608 64.0767 11.6171 
10.5252 50.0409 13.6573 
2.48942 64.4701 13.5454 
11.0798 66.0621 11.3418 
-7.29257 43.1578 13.1981 
6.99465 64.3867 12.1089 
-13.8097 64.2815 11.7755 
-14.7852 65.1234 11.599 
-8.65138 63.2796 10.7829 
-10.213 8.41931 16.6297 
12.5117 51.4338 14.1197 
-12.9564 63.3333 11.9636 
-8.20801 8.01831 17.574 
2.75062 5.99805 17.717 
-6.6525 62.0122 11.9808 
2.19553 64.4079 13.714 
14.586 52.7889 13.5372 
12.516 32.2087 15.0532 
-11.7219 34.2529 15.1483 
3.17173 65.8923 12.6284 
11.7796 50.58 13.7745 
-9.58826 9.56357 16.5056 
7.18211 65.7556 11.8146 
-13.3651 24.3508 14.7556 
-5.40097 51.0545 12.4308 
-8.62229 63.2886 10.7829 
3.0045 17.4241 17.067 
7.94177 68.5313 11.0379 
-10.3103 60.5135 12.1533 
7.91181 68.5388 11.0379 
2.22687 64.4569 13.4965 
-14.7674 65.1439 11.599 
7.97148 68.5228 11.0379 
7.17905 65.7348 11.6678 
-4.92837 48.2616 12.3865 
3.21223 67.1843 12.4514 
9.95969 11.4193 13.3442 
6.98068 65.7446 11.6388 
0.535708 51.6119 14.5735 
7.18284 65.7613 11.8437 
8.91082 60.9449 12.5832 
12.6029 65.0758 11.3418 
13.1632 52.3138 14.3159 
10.6388 64.6671 11.5579 
5.2194 41.687 13.8429 
7.79701 10.2702 15.2072 
-4.30216 5.99375 18.3413 
-6.82605 60.6855 11.8128 
7.18345 65.7661 11.873 
-6.14541 64.5102 12.208 
7.21159 65.7572 11.8437 
1.05068 3.63432 19.0964 
7.21069 65.7515 11.8146 
4.25296 19.9725 17.5941 
7.21234 65.762 11.873 
-11.136 61.4909 12.2471 
9.94657 11.4428 13.3442 
7.23912 65.7466 11.8146 
-6.18457 15.9288 16.3703 
-4.2533 6.09229 18.4714 
5.8961 8.81194 16.3784 
-6.42078 63.2757 12.1692 
7.24019 65.7522 11.8437 
8.88837 60.96 12.5832 
12.1593 32.3905 15.0532 
-10.2896 60.5314 12.0986 
-8.83515 21.287 13.1048 
-6.35651 64.5021 12.3376 
-7.14281 56.0365 12.988 
-10.5221 62.0168 11.4299 
-1.36656 44.5566 12.8719 
11.5511 64.0665 11.5579 
-7.4689 56.0868 12.277 
1.55252 29.632 15.9168 
3.1849 68.4887 12.2865 
-4.30915 35.6812 14.1594 
-8.68017 63.2697 10.7829 
2.14887 64.4005 13.714 
11.6118 12.0239 14.1869 
16.2812 23.7708 14.6779 
7.49956 67.1122 11.4104 
-3.53008 6.33282 19.2215 
11.7762 23.5308 13.3812 
11.3815 34.8868 15.3966 
2.31348 45.6778 15.7078 
-5.82878 35.908 15.3529 
-15.5998 30.7491 14.4904 
7.50089 67.1196 11.44 
-12.1446 35.4355 14.8149 
7.26821 61.6725 11.789 
-14.6267 28.3319 14.5553 
-2.23571 4.31954 19.2344 
1.08411 24.9934 15.703 
5.03605 21.3142 18.0869 
-11.2407 63.2033 11.3134 
1.56122 52.5836 15.4755 
3.21223 68.493 12.3415 
2.06931 65.6066 13.5207 
-7.30947 7.61492 18.1181 
3.19845 65.89 12.6284 
10.0129 13.6222 12.8648 
1.77669 4.75882 18.5494 
-5.3845 23.1173 16.6206 
11.5321 67.4541 11.0783 
-13.3533 24.342 14.9218 
-8.97092 64.708 10.6601 
10.8064 64.6115 11.7214 
-11.1883 63.2286 11.2551 
-7.23309 59.2484 11.5047 
7.50205 67.1261 11.4697 
3.948 33.2273 13.4694 
11.5283 12.1727 14.1869 
11.4589 56.0495 16.3279 
-4.81205 24.6297 15.98 
7.5282 67.1066 11.4104 
12.5112 13.3044 12.7473 
14.2398 13.3121 13.4838 
-9.39451 22.4754 12.1072 
3.82711 19.1894 17.3856 
6.47743 40.8063 15.0211 
-7.36997 60.6028 11.8696 
11.5345 67.4617 11.1402 
7.30081 67.1681 11.5745 
13.6728 33.6168 15.8477 
12.8481 12.8107 13.9861 
3.22559 65.8905 12.6824 
6.95082 67.1576 11.2122 
-8.71796 9.00933 16.9897 
-4.76127 33.8905 15.1969 
7.52976 67.1139 11.44 
2.48942 65.6036 13.6885 
3.08899 69.7943 12.0508 
0.241333 4.59758 18.9267 
3.21208 67.1775 12.3969 
1.91558 47.5982 15.5243 
11.7299 56.4488 16.5244 
-9.51928 59.4712 12.0982 
2.20713 10.3669 16.1036 
-11.0759 61.5674 12.0576 
-13.9208 64.1658 11.8701 
-11.2158 63.2182 11.3134 
-5.5078 25.6378 14.9634 
6.32876 31.7114 16.6024 
11.505 67.4708 11.1402 
6.83234 9.45913 15.701 
-11.8926 18.5678 13.1048 
-5.86753 65.6955 12.3104 
7.50369 67.1341 11.5447 
3.15454 15.0329 13.341 
0.667574 22.6585 15.8141 
-6.44455 24.9037 16.8264 
3.33357 67.1756 12.4514 
-4.79415 33.8948 14.9705 
3.23938 67.1833 12.4514 
3.22508 65.8867 12.6284 
1.81442 60.8256 12.7499 
0.0755828 16.8224 16.1332 
4.23546 51.3157 15.3538 
-5.58288 66.854 12.348 
-6.0409 40.7338 13.5562 
10.1741 63.375 12.1935 
7.098 19.8799 13.8181 
10.8935 64.5628 12.0769 
-5.33849 68.0038 12.3725 
13.2157 33.0653 15.1969 
-5.95655 52.3907 11.9089 
-7.99643 44.3173 12.5371 
-1.49284 8.53257 18.1927 
3.49896 14.9473 13.341 
-11.8427 64.4489 11.0059 
7.50049 67.1117 11.2577 
2.41708 43.7715 16.0595 
3.47433 14.9557 13.341 
-9.24433 66.141 10.6142 
13.5471 14.1883 11.5718 
9.05933 10.7569 14.747 
7.50184 67.1192 11.2877 
10.3901 20.8085 15.0069 
3.20855 23.0223 16.4579 
-0.524356 56.1986 13.2879 
-9.27427 66.1352 10.6142 
11.2853 65.936 11.1282 
3.14381 69.7972 12.0508 
-11.0036 9.63911 16.9656 
-8.09966 57.2631 12.1083 
5.0602 52.0926 15.4262 
10.5047 63.1393 11.99 
-13.8114 64.2831 11.8024 
10.3704 20.8267 15.0069 
10.803 55.0285 15.9434 
-8.49954 59.2984 13.5626 
-8.32627 58.2079 13.2514 
-8.86989 60.207 13.9039 
6.9177 61.7309 13.0224 
7.91063 68.5338 11.0069 
7.85441 68.4962 10.9796 
-12.0129 62.4657 12.0576 
3.07253 13.8034 14.3054 
-11.6384 34.3076 15.1483 
7.5334 58.8014 13.3082 
4.81422 39.2089 14.3908 
-6.26969 65.6871 12.4876 
3.94574 35.5827 15.0723 
11.6248 65.7422 12.0332 
-14.4439 28.4511 14.7467 
-9.24485 61.0048 14.2633 
8.20819 69.9374 10.6152 
-6.38225 64.4932 12.3882 
5.87515 15.7685 14.8194 
3.3268 16.2914 12.2668 
11.1083 66.0517 11.3418 
-7.21443 9.53474 17.1048 
7.79391 68.5005 10.9493 
13.2992 52.1893 14.3159 
7.37578 68.5985 11.3167 
-13.7911 64.3007 11.7755 
1.90417 65.4451 13.9654 
5.398 21.8475 18.3496 
7.69603 68.5458 11.0865 
-13.2547 19.1122 12.3744 
12.55 32.2639 14.8958 
3.14366 69.8041 12.1063 
7.82501 68.503 10.9796 
11.5298 64.0863 11.5579 
-12.8688 63.4163 11.9368 
11.5611 67.4442 11.0783 
-16.1472 31.9126 14.396 
-8.00033 44.3236 12.5663 
7.79928 68.5279 11.0865 
-2.76439 10.8984 17.6853 
11.6701 50.7241 13.4361 
4.52107 34.4449 12.8358 
8.43352 69.9448 10.8331 
-4.13133 39.8715 13.4943 
-5.31344 34.8963 15.3415 
11.5638 67.4517 11.1402 
2.94991 71.1176 11.7971 
-11.904 34.1178 14.9187 
5.18572 35.6835 12.1565 
-0.249589 17.9412 15.7272 
-7.78187 57.1959 12.9559 
3.49762 68.4739 12.3415 
-14.6241 28.3289 14.5004 
-9.20238 64.6301 10.5987 
2.10545 65.477 13.9654 
7.10571 41.731 15.0444 
-6.12787 66.8117 12.6913 
2.95259 55.7892 13.3868 
-9.69825 66.0077 10.3982 
-14.5054 19.8185 11.4058 
-4.76381 24.6387 15.9554 
8.40124 69.9463 10.7703 
-7.51817 9.16381 16.7983 
-13.7618 27.3507 14.6649 
-13.6516 8.87748 14.8235 
11.7218 56.4542 16.5244 
-8.79294 58.4078 11.8674 
8.79027 71.3981 10.4836 
8.46048 69.927 10.7703 
8.96944 71.3411 10.4836 
2.48679 13.443 16.5327 
8.99914 71.3303 10.4836 
8.25313 47.1013 14.1824 
12.0586 68.8261 10.7337 
8.96769 71.3361 10.4519 
-12.3541 9.0981 15.551 
-0.769373 9.67414 18.0337 
-8.21175 7.94451 17.3906 
8.96561 71.3302 10.4203 
7.85093 70.0196 10.8039 
8.99724 71.3253 10.4519 
-10.5027 10.1303 15.9283 
11.1439 11.9916 12.3452 
8.99498 71.3194 10.4203 
10.845 26.3681 12.1017 
-9.27399 66.1338 10.5531 
11.9176 68.891 10.9533 
-15.0639 29.5789 14.5984 
7.57991 63.0008 11.1465 
10.1496 53.6911 15.6717 
2.80349 30.8896 14.4546 
9.02399 71.3078 10.4203 
-9.16374 8.47423 17.0053 
-5.43637 29.1585 16.1894 
-0.493735 53.6557 14.1756 
9.4421 72.7958 10.2741 
0.0560324 5.94606 18.4719 
5.64663 51.2206 16.4283 
7.88189 70.0158 10.8039 
9.02848 71.3185 10.4836 
-10.1838 67.4021 10.2742 
2.13671 59.5715 13.0519 
5.51304 28.838 15.9695 
3.76627 7.60869 17.52 
9.02643 71.3136 10.4519 
-1.66977 26.0603 15.305 
3.62362 22.8447 16.8801 
3.17152 71.1172 11.741 
-11.0026 9.63858 16.9429 
4.12911 7.42791 17.1752 
5.62105 10.1465 16.1744 
-1.10564 54.666 14.0764 
-6.42684 55.1057 12.0511 
-0.404655 25.2935 15.2975 
13.1419 33.1329 15.1542 
12.4827 65.1447 11.1282 
3.97903 16.1233 12.2668 
-4.82278 39.6995 13.6697 
8.8504 10.8103 14.2419 
12.9253 17.3476 10.6357 
-9.46976 67.5644 10.6443 
13.7168 66.0372 11.1402 
11.63 32.8985 14.4552 
-4.77364 33.9096 15.0212 
7.24109 65.757 11.873 
11.0992 12.0764 12.3452 
8.40251 69.9506 10.8016 
3.18483 68.475 12.0923 
6.9805 65.7356 11.6099 
8.86762 71.3826 10.6433 
8.9274 71.3631 10.6433 
3.14366 71.1359 11.9944 
1.62329 66.4127 14.2132 
-7.25723 56.0057 12.9366 
5.60982 8.95192 15.8639 
-3.0023 34.3597 15.6089 
8.86843 71.3854 10.6749 
2.59863 41.9432 16.0126 
2.03077 12.388 16.6898 
8.86897 71.3872 10.7066 
-12.7455 35.0137 14.6843 
11.495 35.7869 15.6708 
14.0126 22.6294 14.6515 
8.89767 71.3733 10.6433 
7.97649 71.5148 10.5339 
12.9411 28.7889 11.2321 
-3.55339 45.3675 12.9716 
-5.12153 51.1041 11.8267 
-15.6223 30.7339 14.4364 
-13.618 35.9236 14.5117 
-1.98609 27.2396 14.923 
8.48 11.2544 14.2151 
12.6347 51.3168 14.0721 
-14.4125 25.0783 14.9488 
-5.09885 69.1312 12.4329 
-12.0192 64.3488 11.2117 
9.26821 47.9411 13.8758 
-14.7163 65.1879 11.5447 
-4.07125 32.9208 15.1099 
6.81846 9.44888 15.6372 
-10.2908 10.5674 16.432 
-12.5188 65.6791 10.7382 
-1.53585 29.8685 14.6819 
12.0282 27.4229 11.5635 
2.92345 71.1042 11.741 
-9.61061 61.6879 14.6275 
-5.95923 67.8764 12.8972 
-2.76731 10.9037 17.8622 
6.91735 41.8245 15.1258 
8.02396 73.0301 10.2447 
1.20098 33.7081 15.0014 
-10.6825 68.787 10.1661 
-11.9075 62.5516 12.0307 
1.64315 48.5361 15.5447 
3.45407 67.1589 12.4514 
-8.40861 37.8263 15.7867 
-5.12212 69.1376 12.4089 
2.61684 60.8604 13.2676 
8.89856 71.3761 10.6749 
-2.46778 41.612 14.0442 
11.351 33.8883 15.1542 
-0.405142 24.0315 15.3507 
17.4893 14.1862 12.104 
5.63448 8.94324 15.8877 
2.70395 54.519 13.5751 
-14.719 65.1905 11.5719 
8.89915 71.3779 10.7066 
-2.67607 16.0765 17.2893 
-7.33502 44.6667 12.3789 
-9.43999 67.5686 10.6443 
-13.1228 19.4655 12.5278 
-7.09035 61.9773 12.0355 
-9.3037 66.127 10.5531 
12.3691 32.4504 14.7301 
12.9002 33.4159 14.9281 
9.60568 72.6917 9.98397 
-11.0211 9.55941 16.4783 
2.95039 71.113 11.769 
-9.60611 67.5497 10.4309 
-11.836 34.1742 15.1483 
-11.06 11.4587 16.2075 
9.51374 28.359 12.6487 
9.60876 72.6993 10.0158 
-0.000719234 6.71552 18.1084 
14.8891 66.9465 11.0156 
-4.97292 49.6798 12.1311 
9.34339 26.8908 12.9944 
12.9315 28.7756 11.1639 
9.61146 72.7059 10.0479 
9.66986 72.6799 10.0479 
-2.398 28.4221 14.4867 
9.97527 11.4276 13.3719 
9.25573 72.831 10.3735 
-5.75288 6.84171 17.8983 
-10.7119 68.7777 10.2278 
9.42956 72.7581 9.98397 
-11.9824 62.3924 12.4032 
-1.77156 55.6459 14.0391 
1.6467 66.406 14.2541 
-9.55798 68.9718 10.7476 
6.64611 32.5921 16.7707 
9.63465 72.6794 9.98397 
2.95096 71.1075 11.741 
10.4059 74.0523 9.75088 
