4001 0 0 0 156.717
0 0 0 0 5.99076
0 0 20 0 58.5098
0.00317035 0.150736 19.9968 1 3.62422
0.00811741 0.310037 19.9851 2 150.142
0.0081174 0.48892 19.9624 3 152.655
0.00359858 0.697657 19.9246 4 4.83607
-0.0148196 0.945971 19.8773 5 155.719
-0.0508968 1.23042 19.8255 6 151.892
-0.108656 1.55042 19.7491 7 145.82
-0.194197 1.91414 19.6489 8 146.313
-0.313101 2.32266 19.525 9 151.094
-0.470744 2.77463 19.358 10 155.674
-0.677039 3.27928 19.1621 11 150.617
-0.93769 3.83267 18.9487 12 150.553
-1.24042 4.4268 18.6762 13 159.631
-1.56136 5.09159 18.3663 14 155.326
-1.88014 5.8508 18.0701 15 8.87517
-2.1839 6.69537 17.7993 16 152.51
-2.46095 7.61381 17.5639 17 147.71
-2.69954 8.5856 17.329 18 5.02189e+28
-2.89407 9.60661 17.0738 19 3.08089e-41
-3.04145 10.6838 16.8665 20 5.87273e+28
-3.15863 11.7987 16.713 21 3.08089e-41
-3.30114 12.9265 16.5694 22 5.87273e+28
-3.45744 14.0684 16.4116 23 3.08089e-41
-3.57952 15.2298 16.264 24 5.87273e+28
-3.67837 16.4084 16.102 25 3.08089e-41
-3.71605 17.6086 16.0012 26 5.02284e+28
-3.69085 18.8123 15.9633 27 3.08089e-41
-3.62843 20.0033 15.9882 28 5.05072e-23
-3.59157 21.1737 16.0251 29 4.58239e-41
-3.61573 22.3292 16.001 30 2.01787e-43
-3.67587 23.4769 15.9166 31 0
-3.76017 24.6246 15.7711 32 6.33625e-41
-3.85764 25.7866 15.6114 33 0
-3.91946 26.9661 15.4622 34 6.10364e+28
-3.9819 28.1576 15.2732 35 3.08089e-41
-4.01992 29.3698 15.0811 36 6.14411e+28
-4.04569 30.598 14.8599 37 3.08089e-41
-4.08485 31.8494 14.6212 38 6.10364e+28
-4.05788 33.1323 14.4454 39 3.08089e-41
-3.96268 34.4282 14.3363 40 6.14411e+28
-3.85383 35.7241 14.2954 41 3.08089e-41
-3.78639 37.011 14.2685 42 6.11458e+28
-3.71947 38.2879 14.1746 43 3.08089e-41
-3.62599 39.5608 14.0133 44 4.70321e+28
-3.46439 40.8391 13.8368 45 3.08089e-41
-3.23333 42.1232 13.7273 46 4.70321e+28
-2.98865 43.4057 13.6862 47 3.08089e-41
-2.81304 44.6872 13.6592 48 4.70321e+28
-2.67888 45.9636 13.5649 49 3.08089e-41
-2.57169 47.2402 13.403 50 5.90256e+28
-2.50416 48.5288 13.1986 51 3.08089e-41
-2.40833 49.8328 12.9915 52 5.90256e+28
-2.29786 51.1488 12.7538 53 3.08089e-41
-2.19945 52.4867 12.498 54 5.90256e+28
-2.0275 53.8471 12.3102 55 3.08089e-41
-1.7829 55.2066 12.1356 56 6.11615e+28
-1.46526 56.5604 11.9452 57 3.08089e-41
-1.07336 57.9093 11.8272 58 6.11616e+28
-0.612314 59.2333 11.7242 59 3.08089e-41
-0.0837964 60.5284 11.5772 60 6.11616e+28
0.512168 61.7949 11.4003 61 3.08089e-41
1.17783 63.0362 11.2074 62 0
1.91453 64.2526 11.088 63 0
2.71284 65.4273 11.0433 64 6.31831e-41
3.56239 66.5467 11.0139 65 0
4.41548 67.6464 10.9117 66 6.11624e+28
5.2329 68.7715 10.795 67 3.08089e-41
6.02526 69.9115 10.693 68 5.05072e-23
6.77848 71.0714 10.5183 69 4.58239e-41
7.53675 72.239 10.3276 70 0
8.27538 73.4303 10.1505 71 0
8.95118 74.6596 9.89796 72 0
9.56504 75.9295 9.56697 73 0
1440 74 1 0 0
0 0 0 0 0
0 0 20 0 0
0.00310267 0.14889 20.0031 1 0
0.00757409 0.290101 20.0076 2 0
0.00465377 0.428891 20.0047 3 0
-0.00620753 0.575982 19.9938 4 0
-0.0272515 0.74173 19.9725 5 0
-0.0623059 0.935724 19.9369 6 5.86906e+28
-0.116674 1.16671 19.8865 7 3.08089e-41
-0.189625 1.43897 19.8329 8 5.86906e+28
-0.265688 1.74923 19.7752 9 3.08089e-41
-0.339988 2.09878 19.6912 10 5.86906e+28
-0.415426 2.49537 19.5737 11 3.08089e-41
-0.477875 2.95334 19.4344 12 5.87014e+28
-0.543786 3.4732 19.3059 13 3.08089e-41
-0.633101 4.03711 19.1717 14 5.87014e+28
-0.716684 4.64902 19.0202 15 3.08089e-41
-0.786497 5.31325 18.893 16 5.87014e+28
-0.845388 6.01612 18.7965 17 3.08089e-41
-0.868232 6.74536 18.7353 18 1.79366e-43
-0.88377 7.48589 18.6964 19 0
-0.938455 8.23034 18.673 20 6.30038e-41
-1.03176 8.96915 18.673 21 0
-1.14753 9.70007 18.6575 22 5.89866e+28
-1.26361 10.433 18.603 23 3.08089e-41
-1.38146 11.177 18.5077 24 5.89576e+28
-1.4863 11.9431 18.3684 25 3.08089e-41
-1.58725 12.741 18.1975 26 0
-1.70175 13.5782 18.0364 27 0
-1.79346 14.4507 17.8784 28 0
-1.88846 15.3546 17.7052 29 0
-2.0067 16.2897 17.5559 30 2.26051e-09
-2.13759 17.2458 17.3821 31 3.0816e-41
-2.24158 18.2352 17.1925 32 4.75789e+28
-2.32724 19.2562 17.008 33 3.08089e-41
-2.40425 20.3029 16.7849 34 0
-2.495 21.3857 16.5777 35 0
-2.55352 22.5022 16.4006 36 0
-2.63705 23.6385 16.2202 37 0
-2.73407 24.7949 16.0363 38 5.90517e+28
-2.77108 25.9753 15.8493 39 3.08089e-41
-2.77108 27.1765 15.659 40 5.90519e+28
-2.77108 28.3972 15.4657 41 3.08089e-41
-2.77108 29.6371 15.2693 42 5.90519e+28
-2.77108 30.8957 15.07 43 3.08089e-41
-2.74427 32.1721 14.8677 44 0
-2.67652 33.4648 14.6627 45 4.34403e-44
-2.63547 34.7719 14.4273 46 4.48416e-44
-2.60748 36.1007 14.1738 47 4.62428e-44
-2.53673 37.4508 13.9305 48 1.35926e-43
-2.46518 38.8161 13.6399 49 0
-2.36265 40.2102 13.3733 50 6.07741e+28
-2.24363 41.6282 13.1479 51 3.08089e-41
-2.13806 43.0646 12.9506 52 5.88319e+28
-1.98634 44.5082 12.7981 53 3.08089e-41
-1.80415 45.9503 12.6453 54 -18
-1.57613 47.39 12.5229 55 9.87205
-1.34873 48.8257 12.4161 56 -20
-1.1221 50.2566 12.2639 57 0
-0.895115 51.6898 12.1114 58 30
-0.637801 53.1198 11.9586 59 0
-0.335231 54.5433 11.8057 60 6.86636e-44
-0.0626882 55.9719 11.6219 61 0
0.196214 57.4104 11.4217 62 5.9051e+28
0.501732 58.8477 11.2361 63 3.08089e-41
0.838863 60.2847 11.0339 64 5.86919e+28
1.25404 61.7137 10.9089 65 3.08089e-41
1.74178 63.1145 10.8 66 -6
2.29894 64.4798 10.6137 67 7.19079
2.92967 65.82 10.4108 68 -20
3.63527 67.1359 10.2854 69 0
4.40612 68.4088 10.1761 70 2.9147e-43
5.2403 69.6362 10.0515 71 0
6.13551 70.8157 10.0049 72 1.12104e-43
7.08039 71.934 9.97428 73 0
8.07304 72.9911 9.92865 74 2.26048e-09
9.10782 73.9835 9.92865 75 3.0816e-41
10.177 74.9065 9.95814 76 6.46136e+28
3019 77 1 0 3.08089e-41
0 0 0 0 6.43372e+28
0 0 20 0 3.08089e-41
-0.00317037 0.150736 19.9968 1 5.83051e+28
-0.0147676 0.308198 19.9919 2 3.08089e-41
-0.0350639 0.468758 19.9885 3 5.86914e+28
-0.065294 0.636439 19.9759 4 3.08089e-41
-0.100683 0.822461 19.956 5 5.86916e+28
-0.12939 1.03278 19.9291 6 3.08089e-41
-0.149479 1.27374 19.8854 7 5.86916e+28
-0.164212 1.55487 19.8256 8 3.08089e-41
-0.188268 1.87992 19.7636 9 0
-0.234025 2.24106 19.7138 10 1.05097e-43
-0.303207 2.62505 19.6728 11 1.06499e-43
-0.380206 3.02918 19.6207 12 1.079e-43
-0.457912 3.46031 19.5417 13 6.86636e-44
-0.54678 3.92713 19.4407 14 0
-0.62751 4.43684 19.3195 15 5.7621e+28
-0.727525 4.99137 19.1813 16 3.08089e-41
-0.842348 5.59429 19.0644 17 5.86925e+28
-0.943878 6.23532 18.9474 18 3.08089e-41
-1.03658 6.91344 18.817 19 -6
-1.12718 7.6296 18.7182 20 7.19079
-1.22836 8.3687 18.6557 21 -20
-1.32319 9.11927 18.6319 22 20
-1.44136 9.86535 18.6161 23 4.70836e-43
-1.54407 10.6154 18.5604 24 0
-1.6404 11.3774 18.4633 25 1.12104e-43
-1.7472 12.1578 18.3214 26 0
-1.85026 12.9721 18.165 27 2.26046e-09
-1.966 13.8177 18.0113 28 3.0816e-41
-2.05827 14.6957 17.8236 29 5.86928e+28
-2.15402 15.6067 17.6086 30 3.08089e-41
-2.25402 16.5581 17.3738 31 0
-2.33741 17.5525 17.1396 32 0
-2.39167 18.5879 16.8851 33 0
-2.42557 19.6719 16.6783 34 0
-2.42557 20.7846 16.478 35 5.8692e+28
-2.42557 21.9238 16.2608 36 3.08089e-41
-2.45015 23.0929 16.0756 37 5.86922e+28
-2.51224 24.2777 15.862 38 3.08089e-41
-2.57561 25.487 15.6311 39 5.86922e+28
-2.61448 26.7263 15.4347 40 3.08089e-41
-2.61448 27.9878 15.262 41 0
-2.61448 29.2622 15.101 42 1.49939e-43
-2.61448 30.5459 14.8976 43 1.5134e-43
-2.6418 31.8467 14.6915 44 1.52742e-43
-2.68305 33.1604 14.4549 45 6.86636e-44
-2.68305 34.4913 14.172 46 0
-2.65436 35.8534 13.9122 47 5.7621e+28
-2.55235 37.2414 13.7216 48 3.08089e-41
-2.37673 38.6316 13.5445 49 5.86931e+28
-2.12696 40.0193 13.3514 50 3.08089e-41
-1.80186 41.4052 13.2319 51 -6
-1.40524 42.7706 13.1871 52 7.19079
-0.943344 44.0973 13.2165 53 0
-0.422789 45.3731 13.2599 54 -20
0.155212 46.6016 13.2315 55 6.50202e-43
0.791052 47.7875 13.1327 56 0
1.48597 48.935 12.9632 57 1.12104e-43
2.24184 50.0471 12.7211 58 0
3.06724 51.1343 12.4608 59 2.26043e-09
3.91718 52.2301 12.2112 60 3.0816e-41
4.71938 53.3846 11.9431 61 5.8694e+28
5.47511 54.6036 11.7466 62 3.08089e-41
6.17017 55.8679 11.5643 63 5.86922e+28
6.8013 57.1736 11.3657 64 3.08089e-41
7.36644 58.518 11.1814 65 5.86934e+28
7.86273 59.8968 10.9807 66 3.08089e-41
8.2885 61.3069 10.7945 67 5.86926e+28
8.64136 62.7438 10.5919 68 3.08089e-41
8.92084 64.209 10.4666 69 5.86928e+28
9.12281 65.6831 10.3886 70 3.08089e-41
9.24651 67.1557 10.3112 71 5.86928e+28
9.29266 68.623 10.2342 72 3.08089e-41
9.32316 70.0814 10.1883 73 0
9.42874 71.5201 10.1582 74 1.9478e-43
9.60784 72.9381 10.1132 75 1.96182e-43
9.79981 74.339 10.0836 76 1.97583e-43
1287 77 1 0 6.86636e-44
0 0 0 0 0
4001 0 0 0 5.7621e+28
0 0 0 0 3.08089e-41
4001 0 0 0 5.86937e+28
0 0 0 0 3.08089e-41
0 0 20 0 -6
0.00317035 0.150736 19.9968 1 7.19079
0.0149018 0.309681 19.9851 2 0
0.0374224 0.487122 19.9624 3 0
0.0656127 0.693995 19.9246 4 8.29569e-43
0.0862661 0.942134 19.8773 5 0
0.0951428 1.22887 19.8381 6 1.12104e-43
0.0884832 1.54214 19.7984 7 0
0.0632998 1.88324 19.7517 8 2.2604e-09
0.0170913 2.24836 19.7209 9 3.0816e-41
-0.050711 2.6249 19.6927 10 5.86928e+28
-0.133825 3.01592 19.6421 11 3.08089e-41
-0.213627 3.43496 19.5652 12 0
-0.295946 3.89147 19.4666 13 0
-0.390667 4.38896 19.3589 14 0
-0.487982 4.92882 19.2423 15 0
-0.598696 5.51019 19.1296 16 5.86932e+28
-0.69683 6.12979 19.0165 17 3.08089e-41
-0.800566 6.78475 18.8902 18 5.86934e+28
-0.909724 7.47395 18.7645 19 3.08089e-41
-1.02431 8.19745 18.6249 20 5.86934e+28
-1.12821 8.95663 18.4869 21 3.08089e-41
-1.19455 9.74828 18.3004 22 0
-1.23798 10.5769 18.0591 23 2.39622e-43
-1.26537 11.4579 17.7932 24 2.41023e-43
-1.28536 12.4009 17.5617 25 2.42425e-43
-1.33728 13.3915 17.3726 26 6.86636e-44
-1.39091 14.4149 17.2103 27 0
-1.46752 15.4572 17.0221 28 5.7621e+28
-1.55715 16.5266 16.8175 29 3.08089e-41
-1.59168 17.6274 16.6192 30 5.86943e+28
-1.56789 18.7553 16.4041 31 3.08089e-41
-1.53158 19.9133 16.2206 32 -6
-1.55636 21.0923 16.0338 33 7.19079
-1.64428 22.2884 15.8438 34 0
-1.77171 23.5008 15.6507 35 20
-1.87524 24.7346 15.4546 36 1.00893e-42
-1.94102 25.9898 15.2555 37 0
-2.00791 27.2662 15.0805 38 1.12104e-43
-2.07546 28.555 14.9174 39 0
-2.14346 29.8526 14.7116 40 2.26037e-09
-2.21236 31.1673 14.5031 41 3.0816e-41
-2.28214 32.4988 14.2919 42 5.83051e+28
-2.32453 33.8507 14.1067 43 3.08089e-41
-2.32453 35.214 13.9344 44 5.86928e+28
-2.32453 36.5839 13.7174 45 3.08089e-41
-2.32453 37.9724 13.5273 46 4.84896e+28
-2.29526 39.3701 13.3506 47 3.08089e-41
-2.22163 40.7752 13.158 48 5.86938e+28
-2.14751 42.1894 12.979 49 3.08089e-41
-2.0431 43.6099 12.7839 50 5.8694e+28
-1.92317 45.038 12.6028 51 3.08089e-41
-1.81756 46.475 12.4055 52 5.8694e+28
-1.63594 47.9128 12.2224 53 3.08089e-41
-1.43935 49.348 11.9616 54 0
-1.25549 50.8023 11.682 55 2.84464e-43
-1.02189 52.2772 11.4775 56 2.85865e-43
-0.786765 53.7617 11.3196 57 2.87266e-43
-0.520159 55.2433 11.1931 58 6.86636e-44
-0.238749 56.7183 11.1459 59 0
0.0236447 58.1772 11.1768 60 5.7621e+28
0.355409 59.5922 11.2226 61 3.08089e-41
0.725821 60.9746 11.1927 62 5.86949e+28
1.12106 62.3352 11.0887 63 3.08089e-41
1.58636 63.6713 10.9699 64 -6
2.1203 64.9798 10.9254 65 7.19079
2.7148 66.2434 10.9545 66 20
3.36205 67.4507 10.9977 67 -20
4.06121 68.6053 10.9695 68 1.1883e-42
4.81323 69.7119 10.8712 69 0
5.59985 70.7946 10.7589 70 1.12104e-43
6.40834 71.8598 10.6607 71 0
7.27165 72.8814 10.5484 72 2.26034e-09
8.16612 73.8748 10.4502 73 3.0816e-41
9.05802 74.8653 10.2818 74 5.86952e+28
1377 75 1 0 3.08089e-41
0 0 0 0 0
4001 0 0 0 0
0 0 0 0 0
4001 0 0 0 0
0 0 0 0 5.86944e+28
4001 0 0 0 3.08089e-41
0 0 0 0 5.86946e+28
4001 0 0 0 3.08089e-41
0 0 0 0 5.86946e+28
4001 0 0 0 3.08089e-41
0 0 0 0 1.4013e-45
4001 0 0 0 3.29305e-43
0 0 0 0 3.30706e-43
4001 0 0 0 3.32108e-43
0 0 0 0 6.86636e-44
4001 0 0 0 0
0 0 0 0 5.7621e+28
4001 0 0 0 3.08089e-41
0 0 0 0 5.86955e+28
4001 0 0 0 3.08089e-41
0 0 0 0 -6
0 0 20 0 7.19079
0.00317035 0.150736 19.9968 1 20
0.00811741 0.310037 19.9851 2 0
0.00430911 0.487838 19.9702 3 1.36767e-42
-0.00990573 0.680615 19.956 4 0
-0.0275842 0.892368 19.929 5 1.12104e-43
-0.0350414 1.13426 19.8853 6 0
-0.0350414 1.41628 19.8317 7 2.26077e-09
-0.0418743 1.73581 19.774 8 3.0816e-41
-0.0682324 2.09232 19.6899 9 4.84896e+28
-0.11945 2.49589 19.5902 10 3.08089e-41
-0.180966 2.94621 19.4834 11 5.86946e+28
-0.222662 3.44539 19.3492 12 3.08089e-41
-0.251734 4.00013 19.213 13 5.86958e+28
-0.296279 4.60419 19.0976 14 3.08089e-41
-0.377061 5.2426 19.0095 15 5.8695e+28
-0.481431 5.90157 18.9251 16 3.08089e-41
-0.60355 6.57966 18.801 17 5.86952e+28
-0.739008 7.29073 18.6631 18 3.08089e-41
-0.857565 8.03927 18.5266 19 5.86952e+28
-0.980564 8.81586 18.342 20 3.08089e-41
-1.11032 9.63509 18.1384 21 3.58732e-43
-1.24781 10.5032 17.9709 22 3.74147e-43
-1.39065 11.405 17.8263 23 3.75548e-43
-1.5375 12.3322 17.6776 24 3.76949e-43
-1.6682 13.2871 17.525 25 6.86636e-44
-1.79183 14.2651 17.3475 26 0
-1.92941 15.2708 17.1539 27 5.7621e+28
-2.06078 16.31 16.988 28 3.08089e-41
-2.20596 17.3705 16.8185 29 4.84899e+28
-2.32022 18.4576 16.6453 30 3.08089e-41
-2.46006 19.5638 16.4687 31 -6
-2.61422 20.6899 16.2887 32 7.19079
-2.73525 21.8413 16.1053 33 20
-2.83376 23.0155 15.9187 34 20
-2.92183 24.2134 15.7542 35 1.54703e-42
-3.02351 25.4244 15.6006 36 0
-3.1131 26.6438 15.3805 37 1.12104e-43
-3.21723 27.8858 15.1428 38 0
-3.28395 29.1589 14.9409 39 2.71203e-09
-3.32447 30.4507 14.7362 40 3.0816e-41
-3.29709 31.7564 14.5011 41 5.86952e+28
-3.25555 33.0831 14.2479 42 3.08089e-41
-3.22713 34.4369 14.0335 43 0
-3.15526 35.8081 13.8454 44 0
-3.08287 37.1895 13.6706 45 0
-3.00999 38.5801 13.4799 46 0
-2.93661 39.9803 13.3028 47 5.86956e+28
-2.83321 41.3871 13.1096 48 3.08089e-41
-2.68479 42.7993 12.9302 49 5.86958e+28
-2.50677 44.2083 12.6745 50 3.08089e-41
-2.25192 45.6239 12.4002 51 5.86958e+28
-1.91704 47.0513 12.1994 52 3.08089e-41
-1.56441 48.487 12.0752 53 3.60134e-43
-1.28819 49.9348 11.967 54 4.18988e-43
-1.08868 51.3914 11.8435 55 4.2039e-43
-0.90501 52.8456 11.7359 56 4.21791e-43
-0.707144 54.29 11.5517 57 6.29183e-43
-0.523463 55.7433 11.351 58 0
-0.26272 57.1926 11.165 59 6.45734e+28
0.0448469 58.6396 10.9624 60 3.08089e-41
0.38537 60.0913 10.8371 61 6.16137e+28
0.770072 61.527 10.728 62 3.08089e-41
1.18226 62.9459 10.5413 63 -3
1.67037 64.3473 10.338 64 7.23737
2.23558 65.7322 10.2124 65 20
2.87089 67.0825 10.1655 66 20
3.5679 68.3826 10.1346 67 34
4.32468 69.6322 10.0887 68 0
5.13563 70.8257 10.1188 69 2.25609e-43
5.98805 71.949 10.2222 70 0
6.87283 72.9962 10.3375 71 6.15611e+28
7.79215 73.9753 10.3798 72 3.08089e-41
8.72824 74.9114 10.3521 73 4.70353e+28
9.67635 75.8207 10.3108 74 3.08089e-41
1687 75 1 0 5.86964e+28
0 0 0 0 3.08089e-41
4001 0 0 0 9.10844e-44
0 0 0 0 0
4001 0 0 0 6.45748e+28
0 0 0 0 3.08089e-41
