0 0 20 90 0 1 -20 -20 0 0 
-0.00317037 0.150736 19.9968 93 -3 1.02933 20 -20 1 0 
-0.00811744 0.310037 19.9851 90 -6 1.13541 -20 -20 2 0 
-0.00426773 0.488859 19.9624 87 -9 1.31769 -20 -20 3 0 
0.0066409 0.697009 19.9339 87 -6 1.51448 0 20 4 0 
0.0139196 0.931296 19.9143 90 -3 1.63398 20 20 5 0 
0.0139196 1.18099 19.8959 90 -6 1.73764 0 -20 6 0 
0.0196385 1.44924 19.8619 87 -9 1.91726 -20 -20 7 0 
0.0288298 1.74621 19.8083 90 -12 2.17185 20 -20 8 0 
0.0216273 2.0815 19.7294 93 -15 2.50006 20 -20 9 0 
0.0098347 2.46352 19.6181 90 -18 2.90018 -20 -20 10 0 
0.019217 2.89991 19.4658 87 -21 3.37006 -20 -20 11 0 
0.0564244 3.4021 19.2848 84 -18 3.84971 -20 20 12 0 
0.128989 3.97424 19.1109 81 -15 4.25124 -20 20 13 0 
0.215465 4.60728 18.9542 84 -12 4.57391 20 20 14 0 
0.301422 5.28653 18.7934 81 -15 4.87755 -20 -20 15 0 
0.41455 6.00079 18.5831 81 -18 5.25096 0 -20 16 0 
0.55239 6.76527 18.3488 78 -15 5.63318 -20 20 17 0 
0.707988 7.5818 18.107 81 -18 5.99467 20 -20 18 0 
0.827522 8.45653 17.8407 84 -15 6.36434 20 20 19 0 
0.906342 9.39795 17.6088 87 -12 6.65344 20 20 20 0 
0.937297 10.3876 17.3983 90 -12 6.89241 20 0 21 0 
0.915588 11.4157 17.2023 93 -9 7.09648 20 20 22 0 
0.837641 12.4756 17.0567 96 -6 7.22096 20 20 23 0 
0.702269 13.5469 16.9203 99 -9 7.32793 20 -20 24 0 
0.553523 14.6336 16.7701 96 -6 7.44751 -20 20 25 0 
0.460396 15.743 16.6294 93 -9 7.54961 -20 -20 26 0 
0.425028 16.8719 16.4747 90 -6 7.66435 -20 20 27 0 
0.449129 18.0201 16.3783 87 -3 7.70064 -20 20 28 0 
0.533492 19.1691 16.2937 84 -6 7.72118 -20 -20 29 0 
0.654433 20.3198 16.1965 84 -3 7.75621 0 20 30 0 
0.775729 21.4738 16.1113 84 -6 7.7755 0 -20 31 0 
0.872909 22.6314 15.9645 87 -9 7.8703 20 -20 32 0 
0.959195 23.8049 15.8033 84 -6 7.97778 -20 20 33 0 
1.05887 24.9922 15.6528 87 -9 8.06792 20 -20 34 0 
1.12166 26.1903 15.4368 87 -12 8.23137 0 -20 35 0 
1.15994 27.4135 15.2034 90 -9 8.40561 20 20 36 0 
1.15994 28.6691 15.0315 90 -6 8.50034 0 20 37 0 
1.18662 29.941 14.9247 87 -3 8.51692 -20 20 38 0 
1.2533 31.2134 14.8846 87 -8.34465e-07 8.45695 0 20 39 0 
1.34555 32.4708 14.9109 84 3 8.3222 -20 20 40 0 
1.49996 33.6942 15.0014 81 6 8.1145 -20 20 41 0 
1.71077 34.867 15.1518 78 9 7.8358 -20 20 42 0 
1.94716 35.9791 15.3561 78 12 7.48803 0 20 43 0 
2.17197 37.0368 15.5626 78 9 7.13313 0 -20 44 0 
2.36748 38.0609 15.7056 81 6 6.86104 20 -20 45 0 
2.50506 39.0645 15.7908 84 3 6.67038 20 -20 46 0 
2.58787 40.0493 15.8633 87 6 6.49844 20 20 47 0 
2.6181 41.008 15.944 90 3 6.31476 20 -20 48 0 
2.63771 41.9471 15.9736 87 -1.19209e-07 6.21081 -20 -20 49 0 
2.70571 42.8734 15.9541 84 -3 6.18522 -20 -20 50 0 
2.82193 43.7933 15.886 81 -6 6.23648 -20 -20 51 0 
2.98774 44.7145 15.7876 78 -6 6.33241 -20 0 52 0 
3.20498 45.6404 15.7078 75 -3 6.39599 -20 20 53 0 
3.43368 46.5715 15.6777 78 -3.57628e-07 6.38206 20 20 54 0 
3.6321 47.505 15.6577 78 -3 6.35333 0 -20 55 0 
3.84954 48.4321 15.5877 75 -6 6.4015 -20 -20 56 0 
4.09775 49.3584 15.4665 75 -9 6.52485 0 -20 57 0 
4.3695 50.2935 15.2912 72 -12 6.72141 -20 -20 58 0 
4.65731 51.2471 15.0573 75 -15 6.98895 20 -20 59 0 
4.94341 52.2314 14.7593 72 -18 7.32495 -20 -20 60 0 
5.25307 53.258 14.4357 75 -15 7.6682 20 20 61 0 
5.52312 54.3584 14.1576 78 -12 7.93019 20 20 62 0 
5.79062 55.4986 13.8827 75 -15 8.17159 -20 -20 63 0 
6.07799 56.6695 13.5867 78 -12 8.4218 20 20 64 0 
6.31236 57.8989 13.348 81 -9 8.59139 20 20 65 0 
6.48635 59.1699 13.1723 84 -6 8.6815 20 20 66 0 
6.59472 60.4605 13.0087 87 -9 8.75452 20 -20 67 0 
6.68996 61.7569 12.7747 84 -12 8.90104 -20 -20 68 0 
6.82706 63.0613 12.4669 84 -15 9.11841 0 -20 69 0 
6.99368 64.3796 12.0806 81 -18 9.40374 -20 -20 70 0 
7.23617 65.7257 11.6678 78 -15 9.69557 -20 20 71 0 
7.56183 67.1133 11.3178 75 -12 9.90575 -20 20 72 0 
7.97148 68.5228 11.0379 72 -9 10.0355 -20 20 73 0 
8.46048 69.927 10.7703 69.0001 -12 10.1469 -20 -20 74 0 
9.02399 71.3078 10.4203 66.0001 -15 10.3295 -20 -20 75 0 
9.66986 72.6799 10.0479 63.0001 -12 10.521 -20 20 76 0 
10.4059 74.0523 9.75088 60.0001 -9 10.6325 -20 20 77 0 
