-20.000000 50.000000 15.000000
-19.595960 50.000000 14.949495
-19.191919 50.000000 14.898990
-18.787879 50.000000 14.848485
-18.383838 50.000000 14.797980
-17.979798 50.000000 14.747475
-17.575758 50.000000 14.696970
-17.171717 50.000000 14.646465
-16.767677 50.000000 14.595960
-16.363636 50.000000 14.545455
-15.959596 50.000000 14.494949
-15.555556 50.000000 14.444444
-15.151515 50.000000 14.393939
-14.747475 50.000000 14.343434
-14.343434 50.000000 14.292929
-13.939394 50.000000 14.242424
-13.535354 50.000000 14.191919
-13.131313 50.000000 14.141414
-12.727273 50.000000 14.090909
-12.323232 50.000000 14.040404
-11.919192 50.000000 13.989899
-11.515152 50.000000 13.939394
-11.111111 50.000000 13.888889
-10.707071 50.000000 13.838384
-10.303030 50.000000 13.787879
-9.898990 50.000000 13.737374
-9.494949 50.000000 13.686869
-9.090909 50.000000 13.636364
-8.686869 50.000000 13.585859
-8.282828 50.000000 13.535354
-7.878788 50.000000 13.484848
-7.474747 50.000000 13.434343
-7.070707 50.000000 13.383838
-6.666667 50.000000 13.333333
-6.262626 50.000000 13.282828
-5.858586 50.000000 13.232323
-5.454545 50.000000 13.181818
-5.050505 50.000000 13.131313
-4.646465 50.000000 13.080808
-4.242424 50.000000 13.030303
-3.838384 50.000000 12.979798
-3.434343 50.000000 12.929293
-3.030303 50.000000 12.878788
-2.626263 50.000000 12.828283
-2.222222 50.000000 12.777778
-1.818182 50.000000 12.727273
-1.414141 50.000000 12.676768
-1.010101 50.000000 12.626263
-0.606061 50.000000 12.575758
-0.202020 50.000000 12.525253
0.202020 50.000000 12.474747
0.606061 50.000000 12.424242
1.010101 50.000000 12.373737
1.414141 50.000000 12.323232
1.818182 50.000000 12.272727
2.222222 50.000000 12.222222
2.626263 50.000000 12.171717
3.030303 50.000000 12.121212
3.434343 50.000000 12.070707
3.838384 50.000000 12.020202
4.242424 50.000000 11.969697
4.646465 50.000000 11.919192
5.050505 50.000000 11.868687
5.454545 50.000000 11.818182
5.858586 50.000000 11.767677
6.262626 50.000000 11.717172
6.666667 50.000000 11.666667
7.070707 50.000000 11.616162
7.474747 50.000000 11.565657
7.878788 50.000000 11.515152
8.282828 50.000000 11.464646
8.686869 50.000000 11.414141
9.090909 50.000000 11.363636
9.494949 50.000000 11.313131
9.898990 50.000000 11.262626
10.303030 50.000000 11.212121
10.707071 50.000000 11.161616
11.111111 50.000000 11.111111
11.515152 50.000000 11.060606
11.919192 50.000000 11.010101
12.323232 50.000000 10.959596
12.727273 50.000000 10.909091
13.131313 50.000000 10.858586
13.535354 50.000000 10.808081
13.939394 50.000000 10.757576
14.343434 50.000000 10.707071
14.747475 50.000000 10.656566
15.151515 50.000000 10.606061
15.555556 50.000000 10.555556
15.959596 50.000000 10.505051
16.363636 50.000000 10.454545
16.767677 50.000000 10.404040
17.171717 50.000000 10.353535
17.575758 50.000000 10.303030
17.979798 50.000000 10.252525
18.383838 50.000000 10.202020
18.787879 50.000000 10.151515
19.191919 50.000000 10.101010
19.595960 50.000000 10.050505
20.000000 50.000000 10.000000
