4001 0 0 0 139.332
0 0 0 0 135.797
4001 0 0 0 13.2339
0 0 0 0 136.787
0 0 20 0 136.239
-6.59107e-09 0.150786 19.9968 1 134.766
-0.00339683 0.310127 19.9851 2 142.502
-0.0165053 0.487486 19.9702 3 25.6144
-0.0407898 0.679255 19.956 4 137.585
-0.0784473 0.888014 19.9337 5 35.4514
-0.132184 1.11668 19.9039 6 1.01065e+13
-0.20601 1.37028 19.8562 7 3.07123e-41
-0.293686 1.66131 19.7984 8 1.01077e+13
-0.382208 1.99168 19.7516 9 3.07123e-41
-0.485015 2.34521 19.705 10 1.01077e+13
-0.599458 2.72473 19.6508 11 3.07123e-41
-0.700092 3.13482 19.5974 12 1.01077e+13
-0.784277 3.57685 19.5359 13 3.07123e-41
-0.848715 4.04791 19.4757 14 7.31057e-42
-0.890515 4.5472 19.3854 15 0
-0.907173 5.08239 19.2596 16 1.09297e+13
-0.894735 5.66491 19.1167 17 3.07123e-41
-0.848198 6.2961 18.9961 18 9.87416e+12
-0.764021 6.96139 18.9043 19 3.07123e-41
-0.641073 7.6443 18.8166 20 1.09297e+13
-0.477652 8.34058 18.6877 21 3.07123e-41
-0.269759 9.05566 18.5129 22 9.87416e+12
-0.0440694 9.80376 18.2856 23 3.07123e-41
0.154595 10.6138 18.034 24 2.03188e-43
0.320776 11.4858 17.7758 25 3.07123e-41
0.487182 12.409 17.4928 26 1.17863e+13
0.715691 13.3822 17.2474 27 3.07123e-41
0.965488 14.4 17.0476 28 1.17864e+13
1.18937 15.4533 16.8538 29 3.07123e-41
1.44163 16.528 16.6433 30 1.17864e+13
1.7574 17.6147 16.4395 31 3.07123e-41
2.09182 18.7229 16.2188 32 8.24956e+12
2.37563 19.8789 16.0558 33 3.07123e-41
2.62613 21.0574 15.9036 34 0.0397156
2.90453 22.2439 15.7367 35 4.57482e-41
3.24944 23.4309 15.6329 36 1.34525e-43
3.60722 24.6159 15.542 37 0
3.90309 25.8206 15.4378 38 1.8399e-42
4.16153 27.0365 15.3987 39 0
4.39251 28.2471 15.373 40 8.57193e+12
4.55873 29.4603 15.3344 41 3.07123e-41
4.66041 30.6706 15.309 42 1.17876e+13
4.7488 31.8745 15.2711 43 3.07123e-41
4.84893 33.0659 15.296 44 0
4.93483 34.2369 15.333 45 0
5.03184 35.3915 15.3088 46 0
5.09213 36.5421 15.2242 47 0
5.17664 37.6925 15.0784 48 1.10409e+13
5.29821 38.8492 14.869 49 3.07123e-41
5.39746 40.033 14.6425 50 1.095e+13
5.461 41.2455 14.4239 51 3.07123e-41
5.55105 42.4707 14.1356 52 8.96831e-44
5.7077 43.7099 13.7725 53 0
5.93649 44.98 13.383 54 6.72623e-44
6.18905 46.3051 13.0518 55 0
6.37792 47.685 12.7862 56 3.92619e-31
6.52652 49.0989 12.5915 57 3.07053e-41
6.67604 50.5215 12.4108 58 18.5547
6.82639 51.952 12.2138 59 78
6.94745 53.3935 12.031 60 -15
6.99304 54.8467 11.8318 61 5.29113
6.96231 56.3129 11.7087 62 -20
6.88577 57.7734 11.6013 63 0
6.84001 59.2298 11.4481 64 1.56945e-43
6.87049 60.6859 11.2641 65 0
6.9771 62.1376 11.0021 66 1.12104e-43
7.16181 63.5985 10.7212 67 0
7.42745 65.0744 10.5158 68 3.92618e-31
7.77255 66.5457 10.3889 69 3.07053e-41
8.19256 67.9916 10.2784 70 8.56302e+12
8.68623 69.4092 10.1523 71 3.07123e-41
9.19347 70.818 10.1052 72 8.57208e+12
9.62083 72.2331 10.136 73 3.07123e-41
9.96552 73.6357 10.242 74 1.17859e+13
10.2274 75.0071 10.4182 75 3.07123e-41
1930 76 1 0 1.17853e+13
0 0 0 0 3.07123e-41
4001 0 0 0 1.17854e+13
0 0 0 0 3.07123e-41
4001 0 0 0 1.17854e+13
0 0 0 0 3.07123e-41
4001 0 0 0 8.23815e+12
0 0 0 0 3.07123e-41
4001 0 0 0 8.24204e+12
0 0 0 0 3.07123e-41
0 0 20 0 6.86636e-44
0.00317035 0.150736 19.9968 1 0
0.00811741 0.310037 19.9851 2 9.61744e+12
0.00426768 0.488859 19.9624 3 3.07123e-41
-0.0111693 0.697073 19.9246 4 1.17856e+13
-0.0424949 0.94356 19.8661 5 3.07123e-41
-0.0954914 1.23682 19.7863 6 -15
-0.168931 1.58232 19.6997 7 5.29113
-0.252578 1.97585 19.6142 8 -20
-0.336038 2.41436 19.5292 9 20
-0.401471 2.89297 19.4422 10 3.36312e-43
-0.466925 3.40961 19.343 11 0
-0.542633 3.96328 19.2665 12 1.12104e-43
-0.615918 4.54276 19.2175 13 0
-0.709289 5.13229 19.1737 14 3.92615e-31
-0.804978 5.73644 19.1224 15 3.07053e-41
-0.902608 6.35285 19.0765 16 1.17857e+13
-1.00234 6.98256 18.9959 17 3.07123e-41
-1.1056 7.63449 18.8769 18 0
-1.21407 8.31934 18.7296 19 0
-1.32877 9.04353 18.5737 20 0
-1.44998 9.80881 18.4261 21 0
-1.55954 10.6093 18.2805 22 1.17855e+13
-1.66432 11.4378 18.0845 23 3.07123e-41
-1.78267 12.3032 17.8504 24 1.17855e+13
-1.89879 13.2205 17.6234 25 3.07123e-41
-2.03073 14.185 17.4379 26 1.17855e+13
-2.13594 15.186 17.2785 27 3.07123e-41
-2.24364 16.2108 17.1153 28 8.28513e+12
-2.35348 17.2558 16.9261 29 3.07123e-41
-2.46623 18.3285 16.7204 30 8.27857e+12
-2.58193 19.4293 16.5212 31 3.07123e-41
-2.6763 20.5548 16.2811 32 6.86636e-44
-2.73729 21.7186 16.0589 33 0
-2.79984 22.9121 15.8696 34 9.61744e+12
-2.86343 24.1254 15.6772 35 3.07123e-41
-2.92803 25.358 15.4817 36 1.17857e+13
-2.9936 26.6093 15.2832 37 3.07123e-41
-3.06014 27.8789 15.0819 38 -15
-3.10056 29.1674 14.8777 39 5.29113
-3.12799 30.4737 14.6707 40 0
-3.19743 31.7986 14.489 41 -20
-3.23945 33.1358 14.32 42 5.15678e-43
-3.21112 34.4838 14.1353 43 0
-3.13977 35.8454 14.0208 44 1.12104e-43
-3.06849 37.2054 13.9208 45 0
-2.99746 38.5608 13.7493 46 3.92624e-31
-2.92607 39.923 13.5333 47 3.07053e-41
-2.8537 41.3038 13.3439 48 1.17859e+13
-2.75173 42.6925 13.1679 49 3.07123e-41
-2.60523 44.0864 12.976 50 1.17855e+13
-2.42842 45.4861 12.7977 51 3.07123e-41
-2.17701 46.8829 12.6033 52 1.17858e+13
-1.87913 48.2843 12.483 53 3.07123e-41
-1.61103 49.6895 12.438 54 1.17856e+13
-1.38962 51.0874 12.4084 55 3.07123e-41
-1.17019 52.4729 12.3349 56 1.17856e+13
-0.923407 53.8447 12.2326 57 3.07123e-41
-0.606432 55.1961 12.0572 58 1.17856e+13
-0.217467 56.5347 11.8364 59 3.07123e-41
0.246955 57.8681 11.643 60 8.28701e+12
0.785574 59.1879 11.5233 61 3.07123e-41
1.39113 60.4749 11.4188 62 8.22483e+12
2.06013 61.7226 11.2399 63 3.07123e-41
2.7979 62.9406 11.0449 64 6.86636e-44
3.60325 64.1257 10.8638 65 0
4.4501 65.2913 10.6665 66 9.61744e+12
5.27961 66.4849 10.5444 67 3.07123e-41
6.04353 67.7168 10.438 68 1.17859e+13
6.73829 68.9806 10.2558 69 3.07123e-41
7.42339 70.2581 10.0572 70 -15
8.18093 71.5089 9.9344 71 5.29113
9.00129 72.7161 9.88847 72 0
9.87276 73.8644 9.91857 73 0
10.7625 74.9632 9.96312 74 6.95044e-43
2357 75 1 0 0
0 0 0 0 1.12104e-43
4001 0 0 0 0
0 0 0 0 3.92621e-31
0 0 20 0 3.07053e-41
-0.00317037 0.150736 19.9968 1 1.17857e+13
-0.0149018 0.309681 19.9851 2 3.07123e-41
-0.0372745 0.486111 19.9702 3 0
-0.0634508 0.677631 19.956 4 0
-0.0856643 0.888979 19.929 5 0
-0.110964 1.12968 19.8853 6 0
-0.134309 1.40989 19.8191 7 1.17857e+13
-0.14448 1.74093 19.738 8 3.07123e-41
-0.136334 2.12114 19.6572 9 1.17858e+13
-0.114225 2.543 19.5579 10 3.07123e-41
-0.0996649 3.0138 19.4424 11 1.17858e+13
-0.110766 3.53491 19.3431 12 3.07123e-41
-0.151705 4.09073 19.2427 13 8.24513e+12
-0.226349 4.68013 19.1295 14 3.07123e-41
-0.324837 5.30196 19.0161 15 8.24431e+12
-0.428922 5.95912 18.8893 16 3.07123e-41
-0.538425 6.6505 18.7632 17 6.86636e-44
-0.653355 7.37614 18.6232 18 0
-0.789525 8.13237 18.4848 19 9.61744e+12
-0.971539 8.90781 18.2978 20 3.07123e-41
-1.17156 9.72312 18.0918 21 1.1786e+13
-1.33794 10.5963 17.9223 22 3.07123e-41
-1.4631 11.5107 17.7761 23 -15
-1.58207 12.4517 17.6259 24 5.29113
-1.71407 13.4161 17.4717 25 0
-1.81839 14.4086 17.3137 26 20
-1.92522 15.4251 17.1518 27 8.7441e-43
-2.03452 16.4649 16.9862 28 0
-2.14622 17.5277 16.8169 29 1.12104e-43
-2.25996 18.6099 16.621 30 0
-2.35309 19.721 16.4084 31 3.92606e-31
-2.43682 20.8603 16.2027 32 3.07053e-41
-2.5344 22.0244 15.98 33 1.17854e+13
-2.59724 23.2235 15.8156 34 3.07123e-41
-2.66083 24.4368 15.6621 35 1.17857e+13
-2.72481 25.6576 15.442 36 3.07123e-41
-2.78953 26.8926 15.1518 37 8.14808e+12
-2.85597 28.1603 14.8401 38 3.07123e-41
-2.897 29.4696 14.5617 39 1.17859e+13
-2.897 30.8116 14.3058 40 3.07123e-41
-2.86818 32.1829 14.1179 41 1.17859e+13
-2.82477 33.5639 13.9433 42 3.07123e-41
-2.82477 34.9476 13.6943 43 1.17859e+13
-2.79525 36.35 13.4268 44 3.07123e-41
-2.72034 37.7794 13.2307 45 1.18377e+13
-2.64483 39.2201 13.0791 46 3.07123e-41
-2.56935 40.6604 12.8969 47 1.184e+13
-2.49388 42.1005 12.6373 48 3.07123e-41
-2.41776 43.5529 12.3282 49 6.86636e-44
-2.30902 45.0317 12.0454 50 0
-2.1512 46.5333 11.8386 51 9.61744e+12
-1.9927 48.0412 11.6471 52 3.07123e-41
-1.80194 49.5506 11.4387 53 1.17861e+13
-1.5622 51.0643 11.31 54 3.07123e-41
-1.32341 52.572 11.1979 55 -15
-1.05494 54.0642 11.0063 56 5.29113
-0.707439 55.5454 10.7979 57 20
-0.279883 57.0171 10.6692 58 -20
0.22253 58.4599 10.6211 59 1.05378e-42
0.792896 59.8578 10.5896 60 0
1.42921 61.2102 10.5425 61 1.12104e-43
2.12729 62.5123 10.5117 62 0
2.88451 63.7627 10.4043 63 3.92603e-31
3.65306 65.0023 10.2818 64 3.07053e-41
4.38106 66.2632 10.236 65 1.17862e+13
5.12586 67.4932 10.266 66 3.07123e-41
5.86905 68.6917 10.3105 67 0
6.56272 69.8931 10.3394 68 0
7.21612 71.0813 10.4389 69 0
7.79001 72.2682 10.5498 70 0
8.29064 73.4589 10.5905 71 1.1786e+13
8.77106 74.6364 10.617 72 3.07123e-41
9.2549 75.7872 10.6564 73 1.1786e+13
2600 74 1 0 3.07123e-41
0 0 0 0 1.1786e+13
