4001 0 0 0 136.896
0 0 0 0 137.615
4001 0 0 0 133.237
0 0 0 0 136.603
4001 0 0 0 132.001
0 0 0 0 131.846
4001 0 0 0 134.127
0 0 0 0 132.808
4001 0 0 0 132.436
0 0 0 0 31.8718
4001 0 0 0 133.095
0 0 0 0 135.93
4001 0 0 0 134.226
0 0 0 0 136.601
4001 0 0 0 132.483
0 0 0 0 128.953
4001 0 0 0 131.933
0 0 0 0 55.0349
0 0 20 0 135.152
-0.00317037 0.150736 19.9968 1 132.515
-0.0149018 0.309681 19.9851 2 136.2
-0.0374224 0.487122 19.9624 3 45.8626
-0.0745391 0.692581 19.9246 4 132.494
-0.126204 0.935648 19.8661 5 133.623
-0.194653 1.22647 19.793 6 129.406
-0.277253 1.5635 19.7114 7 133.315
-0.35942 1.95007 19.6055 8 132.621
-0.443534 2.39226 19.4951 9 131.578
-0.532312 2.88462 19.3998 10 61.9607
-0.643884 3.40953 19.3031 11 135.088
-0.762452 3.96735 19.1692 12 -1.18869e-31
-0.877824 4.57341 19.0178 13 4.57202e-41
-0.99615 5.23 18.8907 14 2.01787e-43
-1.14268 5.91936 18.7943 15 0
-1.29396 6.6311 18.7023 16 3.88342e-41
-1.43405 7.36601 18.5675 17 0
-1.54 8.14082 18.4185 18 1.57225e+35
-1.60812 8.95315 18.2717 19 3.09617e-41
-1.63451 9.798 18.092 20 -1.1889e-31
-1.61578 10.6833 17.9232 21 4.57202e-41
-1.54853 11.598 17.758 22 1.57225e+35
-1.44944 12.5407 17.5773 23 3.09617e-41
-1.34666 13.5186 17.4427 24 1.40987e+35
-1.24193 14.515 17.3161 25 3.09617e-41
-1.13577 15.5251 17.1332 26 1.76355e-21
-1.04857 16.5656 16.9342 27 3.09547e-41
-0.99241 17.6373 16.741 28 1.49318e+35
-0.958018 18.7371 16.5312 29 3.09617e-41
-0.981873 19.8706 16.3759 30 0
-1.04204 21.0187 16.2306 31 0
-1.12746 22.1804 16.0711 32 0
-1.2508 23.3539 15.922 33 0
-1.37503 24.5359 15.708 34 1.38914e+35
-1.50183 25.7423 15.4768 35 3.09617e-41
-1.60567 26.9798 15.28 36 1.38915e+35
-1.67164 28.2388 15.0804 37 3.09617e-41
-1.73857 29.5158 14.8778 38 1.38915e+35
-1.80658 30.8135 14.6999 39 3.09617e-41
-1.87521 32.1231 14.5342 40 1.38914e+35
-1.94407 33.437 14.2974 41 3.09617e-41
-1.9859 34.7729 14.0425 42 1.38915e+35
-1.9859 36.1395 13.8553 43 3.09617e-41
-1.9859 37.5163 13.6814 44 4.27396e-43
-1.9859 38.9025 13.4915 45 0
-1.95668 40.2979 13.3152 46 1.40933e+35
-1.88315 41.7009 13.1228 47 3.09617e-41
-1.80914 43.113 12.9441 48 1.57443e+35
-1.7351 44.5259 12.6894 49 3.09617e-41
-1.66067 45.946 12.3558 50 4.48416e-44
-1.55432 47.3914 11.9999 51 0
-1.39896 48.8696 11.684 52 1.12104e-43
-1.24125 50.3702 11.3633 53 0
-1.04861 51.8939 11.0703 54 2.13882e-21
-0.804286 53.4365 10.8564 55 3.09547e-41
-0.558399 54.989 10.7244 56 1.40933e+35
-0.313649 56.5343 10.6095 57 3.09617e-41
-0.0377423 58.0677 10.4787 58 0
0.284791 59.5851 10.3648 59 0
0.60608 61.0966 10.235 60 0
0.957734 62.5961 10.1865 61 0
1.35163 64.0662 10.1547 62 3.44719e-43
1.7718 65.5126 10.1073 63 3.09617e-41
2.26131 66.9185 10.0762 64 1.5744e+35
2.81826 68.2834 10.0298 65 3.09617e-41
3.43798 69.6006 10.0602 66 1.57441e+35
4.11244 70.8587 10.1052 67 3.09617e-41
4.84064 72.0613 10.0758 68 1.57441e+35
5.62326 73.2129 9.9736 69 3.09617e-41
6.4617 74.3176 9.79835 70 1.56945e-43
7.36278 75.3837 9.60716 71 0
8.32787 76.4114 9.48877 72 1.12104e-43
2555 73 1 0 0
0 0 0 0 1.76071e-21
4001 0 0 0 3.09547e-41
0 0 0 0 1.57376e+35
4001 0 0 0 3.09617e-41
0 0 0 0 1.56924e+35
4001 0 0 0 3.09617e-41
0 0 0 0 1.57469e+35
4001 0 0 0 3.09617e-41
0 0 0 0 3.46121e-43
4001 0 0 0 3.09617e-41
0 0 0 0 1.43267e+35
4001 0 0 0 3.09617e-41
0 0 0 0 1.43268e+35
4001 0 0 0 3.09617e-41
0 0 0 0 1.43268e+35
0 0 20 0 3.09617e-41
0.00310267 0.14889 20.0031 1 1.57479e+35
0.0132272 0.287658 20.0133 2 3.09617e-41
0.0281851 0.406703 20.0234 3 1.58347e-43
0.0469895 0.511404 20.0268 4 0
0.0664616 0.613553 20.0246 5 1.49318e+35
0.0817146 0.725348 20.0163 6 3.09617e-41
0.0927124 0.857582 19.9994 7 1.5748e+35
0.0976877 1.02064 19.9699 8 3.09617e-41
0.0976877 1.22415 19.9219 9 -9
0.0976877 1.4783 19.8597 10 5.83883
0.0911474 1.78176 19.802 11 -20
0.0805728 2.12264 19.7405 12 -20
0.0805728 2.50124 19.6515 13 22
0.089763 2.92879 19.5466 14 0
0.12494 3.40528 19.4557 15 9.10844e-44
0.189647 3.91644 19.374 16 0
0.263697 4.45798 19.2875 17 1.19208e+35
0.336322 5.03181 19.2083 18 3.09617e-41
0.418045 5.62898 19.1321 19 1.57339e+35
0.496928 6.25236 19.0461 20 3.09617e-41
0.612675 6.89522 18.9913 21 4.48416e-44
0.737274 7.54857 18.9424 22 0
0.857531 8.2165 18.8711 23 4.48416e-44
1.00228 8.89747 18.7831 24 0
1.13659 9.60216 18.6538 25 1.77296e-21
1.25343 10.3398 18.4785 26 3.09547e-41
1.39368 11.118 18.2844 27 0
1.56842 11.9401 18.1243 28 0
1.76778 12.7897 17.9671 29 5.8294e-43
2.01842 13.6519 17.7563 30 0
2.32742 14.5386 17.5258 31 1.12104e-43
2.65948 15.4612 17.2956 32 0
2.95128 16.4282 17.0019 33 2.13855e-21
3.20329 17.4554 16.6828 34 3.09547e-41
3.43587 18.5496 16.4082 35 1.40952e+35
3.65409 19.6944 16.186 36 3.09617e-41
3.84057 20.8718 15.9714 37 1.26547e+35
4.05443 22.06 15.6881 38 3.09617e-41
4.31244 23.2738 15.3834 39 1.57342e+35
4.55331 24.5374 15.1381 40 3.09617e-41
4.73195 25.8421 14.9578 41 1.43274e+35
4.89898 27.1641 14.8459 42 3.09617e-41
5.13497 28.4759 14.804 43 1.43275e+35
5.43635 29.7611 14.7764 44 3.09617e-41
5.77545 31.0266 14.7077 45 1.43275e+35
6.08673 32.2938 14.6666 46 3.09617e-41
6.38176 33.552 14.6666 47 0
6.68633 34.7917 14.64 48 0
6.92373 36.0361 14.5469 49 1.57364e+35
7.09589 37.2932 14.4404 50 3.09617e-41
7.255 38.5529 14.3471 51 6.86636e-44
7.48023 39.8044 14.2403 52 0
7.74481 41.0492 14.1469 53 1.18489e+35
7.98355 42.3009 14.0399 54 3.09617e-41
8.20949 43.5568 13.9998 55 1.57414e+35
8.49821 44.788 13.9733 56 3.09617e-41
8.84837 45.9934 13.8811 57 -15
9.21179 47.1972 13.7755 58 6.3776
9.51204 48.4195 13.6831 59 -20
9.8 49.647 13.5772 60 20
10.1012 50.8734 13.5375 61 7.62306e-43
10.3612 52.0962 13.5636 62 0
10.5912 53.3015 13.6023 63 1.12104e-43
10.7555 54.5009 13.577 64 0
10.8562 55.6992 13.4886 65 1.76136e-21
10.894 56.9048 13.3874 66 3.09547e-41
10.8687 58.113 13.2986 67 1.57414e+35
10.7799 59.3217 13.1969 68 3.09617e-41
10.6278 60.5262 13.1077 69 0
10.463 61.7289 12.9543 70 0
10.3353 62.9437 12.7344 71 0
10.232 64.1751 12.4444 72 0
10.1924 65.443 12.1329 73 1.38916e+35
10.2197 66.7464 11.827 74 3.09617e-41
10.3177 68.0773 11.4993 75 1.38916e+35
10.4892 69.4346 11.1783 76 3.09617e-41
10.7342 70.7959 10.7762 77 1.38916e+35
11.0547 72.1617 10.2874 78 3.09617e-41
11.4526 73.531 9.70514 79 0
3041 80 1 0 0
0 0 0 0 1.57364e+35
4001 0 0 0 3.09617e-41
0 0 0 0 1.30181e-42
4001 0 0 0 0
0 0 0 0 1.57468e+35
4001 0 0 0 3.09617e-41
0 0 0 0 1.18395e+35
0 0 20 0 3.09617e-41
-0.00317037 0.150736 19.9968 1 -15
-0.00811744 0.310037 19.9851 2 6.3776
-0.00426773 0.488859 19.9624 3 0
0.00214518 0.697173 19.9339 4 -20
0.00214517 0.932372 19.9041 5 21
0.00214516 1.1968 19.868 6 0
0.00214515 1.48764 19.8374 7 1.58347e-43
-0.00450663 1.80054 19.7978 8 0
-0.0296627 2.14126 19.7511 9 1.57471e+35
-0.0603489 2.50782 19.7045 10 3.09617e-41
-0.0726282 2.90284 19.6333 11 1.3892e+35
-0.0726282 3.3346 19.5318 12 3.09617e-41
-0.0623363 3.81471 19.414 13 4.48416e-44
-0.023302 4.34373 19.313 14 0
0.0480782 4.9077 19.2352 15 4.48416e-44
0.153291 5.49201 19.1855 16 0
0.266864 6.08758 19.1409 17 2.31248e-21
0.350941 6.70193 19.0624 18 3.09547e-41
0.40482 7.34513 18.9741 19 0
0.453892 8.01237 18.8895 20 0
0.540592 8.6978 18.765 21 8.96831e-44
0.669286 9.41202 18.6267 22 0
0.843622 10.1547 18.5223 23 6.72623e-44
1.0627 10.9086 18.4231 24 0
1.29506 11.6786 18.2782 25 2.13864e-21
1.49458 12.4916 18.1186 26 3.09547e-41
1.65743 13.3458 17.962 27 17.8258
1.79744 14.2298 17.7519 28 93
1.94249 15.1456 17.4823 29 -9
2.09529 16.1103 17.1876 30 6.31754
2.23469 17.129 16.8887 31 0
2.34711 18.1985 16.5642 32 -20
2.46586 19.3284 16.2854 33 2.24208e-43
2.61309 20.4932 16.0098 34 0
2.77688 21.6905 15.7131 35 1.12104e-43
2.88168 22.9405 15.4739 36 0
2.94897 24.2244 15.2979 37 2.13863e-21
3.0171 25.5245 15.1885 38 3.09547e-41
3.11249 26.8238 15.1476 39 1.38922e+35
3.24743 28.1077 15.1206 40 3.09617e-41
3.35461 29.3838 15.0265 41 1.57472e+35
3.42165 30.663 14.8919 42 3.09617e-41
3.51609 31.9485 14.7837 43 1.3892e+35
3.67779 33.2287 14.7431 44 3.09617e-41
3.90406 34.4866 14.7431 45 1.38919e+35
4.14074 35.7271 14.7167 46 3.09617e-41
4.33698 36.966 14.6772 47 1.38919e+35
4.50557 38.1962 14.7032 48 3.09617e-41
4.65765 39.4011 14.7922 49 1.38919e+35
4.86525 40.5561 14.9403 50 3.09617e-41
5.1228 41.6548 15.0951 51 1.40902e+35
5.38468 42.7205 15.1874 52 3.09617e-41
5.63015 43.7674 15.2213 53 1.40904e+35
5.92642 44.7873 15.1991 54 3.09617e-41
6.27441 45.7866 15.1658 55 6.86636e-44
6.65133 46.7685 15.1438 56 0
7.00615 47.7541 15.0668 57 1.52383e+35
7.33209 48.7572 14.9783 58 3.09617e-41
7.68075 49.7584 14.9004 59 1.38921e+35
8.04216 50.7624 14.8108 60 3.09617e-41
8.3521 51.789 14.7321 61 -9
8.60874 52.834 14.5961 62 6.31754
8.81347 53.9078 14.4464 63 0
8.96443 55.0102 14.353 64 0
9.05796 56.124 14.3178 65 4.03574e-43
9.09286 57.2328 14.3178 66 0
9.06991 58.3306 14.2948 67 1.12104e-43
9.01271 59.4219 14.2146 68 0
8.95535 60.5165 14.0761 69 2.13866e-21
8.92064 61.6229 13.8768 70 3.09547e-41
8.92064 62.7481 13.6127 71 1.38919e+35
8.94483 63.8974 13.2785 72 3.09617e-41
9.03253 65.0878 12.9183 73 0
9.18904 66.3254 12.584 74 0
9.41812 67.5973 12.2666 75 0
9.72119 68.8892 11.9552 76 0
10.0962 70.1796 11.5646 77 1.3892e+35
10.5452 71.4687 11.089 78 3.09617e-41
11.0705 72.7556 10.5214 79 1.3892e+35
2851 80 1 0 3.09617e-41
0 0 0 0 1.3892e+35
4001 0 0 0 3.09617e-41
0 0 0 0 1.40803e+35
4001 0 0 0 3.09617e-41
0 0 0 0 1.40804e+35
4001 0 0 0 3.09617e-41
0 0 0 0 6.86636e-44
4001 0 0 0 0
0 0 0 0 1.52383e+35
4001 0 0 0 3.09617e-41
0 0 0 0 1.38922e+35
4001 0 0 0 3.09617e-41
0 0 0 0 -9
0 0 20 0 6.31754
-0.00317037 0.150736 19.9968 1 0
-0.0149018 0.309681 19.9851 2 20
-0.0374224 0.487122 19.9624 3 5.8294e-43
-0.0745391 0.692581 19.9246 4 0
-0.126204 0.935648 19.8661 5 1.12104e-43
-0.181961 1.22917 19.793 6 0
-0.229063 1.57438 19.7267 7 2.13858e-21
-0.261273 1.95957 19.6738 8 3.09547e-41
-0.291571 2.3709 19.6216 9 1.1355e+35
-0.346736 2.80652 19.5425 10 3.09617e-41
-0.430974 3.27376 19.4309 11 1.38919e+35
-0.539674 3.78515 19.3027 12 3.09617e-41
-0.658826 4.34572 19.1935 13 1.228e+35
-0.772759 4.94361 19.0839 14 3.09617e-41
-0.873626 5.58046 18.961 15 1.38921e+35
-0.994079 6.24929 18.8386 16 3.09617e-41
-1.1278 6.95126 18.7024 17 1.38921e+35
-1.24493 7.69076 18.5676 18 3.09617e-41
-1.36698 8.46141 18.4017 19 1.38921e+35
-1.49546 9.2726 18.2452 20 3.09617e-41
-1.62905 10.116 18.0914 21 1.40775e+35
-1.76719 10.9882 17.9037 22 3.09617e-41
-1.9111 11.8968 17.7082 23 1.40778e+35
-2.04108 12.847 17.5254 24 3.09617e-41
-2.1448 13.8339 17.3682 25 6.86636e-44
-2.25105 14.8447 17.2072 26 0
-2.35977 15.8791 17.0425 27 1.52383e+35
-2.47091 16.9366 16.8741 28 3.09617e-41
-2.5841 18.0135 16.6791 29 1.38923e+35
-2.69974 19.1137 16.444 30 3.09617e-41
-2.81916 20.2499 16.2262 31 -9
-2.91739 21.421 16.0652 32 6.31754
-3.00456 22.6079 15.9148 33 20
-3.10524 23.808 15.7499 34 -20
-3.1435 25.0259 15.5959 35 7.62306e-43
-3.11759 26.2579 15.4272 36 0
-3.07839 27.5066 15.3222 37 1.12104e-43
-3.07839 28.7583 15.2829 38 0
-3.10425 29.997 15.3088 39 2.13861e-21
-3.16792 31.2119 15.3471 40 3.09547e-41
-3.20567 32.4114 15.322 41 1.38924e+35
-3.20567 33.6046 15.2595 42 3.09617e-41
-3.20567 34.7955 15.222 43 0
-3.18097 35.9766 15.1973 44 0
-3.11952 37.1491 15.1111 45 0
-3.05802 38.3227 14.9626 46 0
-2.99606 39.5048 14.7495 47 1.38922e+35
-2.90774 40.7058 14.4935 48 3.09617e-41
-2.77828 41.9376 14.2573 49 1.38923e+35
-2.64582 43.1978 14.0566 50 3.09617e-41
-2.51188 44.4722 13.826 51 1.38923e+35
-2.37564 45.7684 13.5774 52 3.09617e-41
-2.20882 47.0884 13.3667 53 1.55797e+35
-1.99872 48.4149 13.125 54 3.09617e-41
-1.78545 49.7615 12.865 55 1.55797e+35
-1.56877 51.1296 12.6157 56 3.09617e-41
-1.34986 52.5117 12.3182 57 6.86636e-44
-1.09663 53.9183 12.0457 58 0
-0.793629 55.3438 11.8461 59 1.52383e+35
-0.459104 56.7701 11.661 60 3.09617e-41
-0.0483799 58.1835 11.4594 61 1.38925e+35
0.439695 59.585 11.3347 62 3.09617e-41
0.998594 60.9547 11.2261 63 -9
1.62483 62.2856 11.0402 64 6.31754
2.3231 63.5877 10.8379 65 20
3.06795 64.8778 10.7128 66 0
3.78392 66.18 10.666 67 9.41673e-43
4.47721 67.4733 10.6966 68 0
5.19665 68.7194 10.742 69 1.12104e-43
5.93053 69.9313 10.7124 70 0
6.71982 71.0928 10.6682 71 2.13832e-21
7.53562 72.2157 10.6972 72 3.09547e-41
8.35865 73.3001 10.74 73 1.228e+35
9.22418 74.3245 10.74 74 3.09617e-41
10.1305 75.2897 10.7124 75 1.38923e+35
3123 76 1 0 3.09617e-41
0 0 0 0 1.18397e+35
4001 0 0 0 3.09617e-41
0 0 0 0 1.38924e+35
