4001 0 0 0 137.214
0 0 0 0 136.638
4001 0 0 0 136.962
0 0 0 0 40.0595
4001 0 0 0 135.977
0 0 0 0 136.252
0 0 20 0 133.322
-0.00317037 0.150736 19.9968 1 137.756
-0.0149018 0.309681 19.9851 2 135.497
-0.0374224 0.487122 19.9624 3 133.853
-0.0745391 0.692581 19.9246 4 133.338
-0.126204 0.935648 19.8661 5 135.033
-0.187966 1.22621 19.7796 6 135.01
-0.261436 1.57187 19.6562 7 140.339
-0.349071 1.98416 19.5048 8 136.098
-0.451796 2.46744 19.3559 9 136.441
-0.555742 3.0136 19.2195 10 12.6723
-0.66328 3.61023 19.104 11 136.787
-0.796674 4.2378 18.9884 12 132.489
-0.923372 4.90296 18.8594 13 65.8491
-1.0347 5.60589 18.7312 14 -1.29864e+08
-1.15143 6.3429 18.589 15 3.08986e-41
-1.28962 7.1103 18.4486 16 -1.50023e+08
-1.44081 7.9036 18.259 17 3.08986e-41
-1.57385 8.74356 18.0503 18 -1.50023e+08
-1.7146 9.63226 17.8788 19 3.08986e-41
-1.8412 10.5572 17.7309 20 -1.50023e+08
-1.96113 11.5059 17.5587 21 3.08986e-41
-2.11542 12.4801 17.3707 22 -1.29752e+08
-2.2536 13.4896 17.2093 23 3.08986e-41
-2.36228 14.5236 17.0221 24 -1.32743e-08
-2.4739 15.5856 16.8185 25 4.58e-41
-2.58882 16.679 16.6444 26 2.01787e-43
-2.70603 17.7941 16.4668 27 0
-2.82547 18.9306 16.2858 28 8.73079e-41
-2.92295 20.0926 16.1262 29 0
-3.00947 21.2706 15.9769 30 -1.71177e+08
-3.13382 22.4537 15.7627 31 3.08986e-41
-3.23525 23.6635 15.5312 32 -1.54457e+08
-3.30031 24.905 15.3343 33 3.08986e-41
-3.39279 26.1633 15.1345 34 -1.71177e+08
-3.49952 27.4348 14.9048 35 3.08986e-41
-3.54014 28.7323 14.6572 36 -1.54457e+08
-3.51222 30.0606 14.4753 37 3.08986e-41
-3.47013 31.3997 14.3059 38 -1.30385e+08
-3.47013 32.7502 14.121 39 3.08986e-41
-3.47013 34.1112 13.949 40 -1.30385e+08
-3.47013 35.4822 13.7613 41 3.08986e-41
-3.44114 36.8654 13.6159 42 -1.30385e+08
-3.36851 38.2512 13.47 43 3.08986e-41
-3.29582 39.6384 13.2945 44 1.0762e-42
-3.22265 41.0346 13.103 45 0
-3.14898 42.4402 12.9252 46 -1.28139e+08
-3.04519 43.8523 12.7313 47 3.08986e-41
-2.89623 45.2696 12.5512 48 1.35926e-43
-2.74643 46.6949 12.3549 49 0
-2.59574 48.1286 12.1728 50 -1.6055e+08
-2.44426 49.5698 11.9743 51 3.08986e-41
-2.26128 51.0182 11.8209 52 -1.30186e+08
-2.03258 52.4622 11.6672 53 3.08986e-41
-1.80402 53.9053 11.4826 54 15
-1.57492 55.3518 11.2506 55 7.49942
-1.31265 56.8089 11.0478 56 -20
-1.0023 58.269 10.9225 57 0
-0.662673 59.7172 10.8133 58 6.72623e-44
-0.248775 61.1418 10.6887 59 0
0.237493 62.5383 10.5801 60 6.72623e-44
0.794814 63.904 10.4562 61 0
1.42147 65.2358 10.4099 62 -9.66355e-11
2.08142 66.531 10.4403 63 3.09056e-41
2.75487 67.7872 10.4852 64 13.1264
3.43034 69.0157 10.5144 65 39.0001
4.05471 70.2411 10.5578 66 -3
4.69492 71.4352 10.5295 67 8.11334
5.39116 72.5849 10.4872 68 -20
6.13818 73.6843 10.5149 69 20
6.92552 74.7218 10.5832 70 2.46629e-43
7.74932 75.6968 10.6234 71 0
8.61091 76.6143 10.5971 72 1.12104e-43
2724 73 1 0 0
0 0 0 0 -9.66341e-11
4001 0 0 0 3.09056e-41
0 0 0 0 -1.30188e+08
4001 0 0 0 3.08986e-41
0 0 0 0 -1.30184e+08
4001 0 0 0 3.08986e-41
0 0 0 0 -1.30187e+08
4001 0 0 0 3.08986e-41
0 0 0 0 -1.30185e+08
4001 0 0 0 3.08986e-41
0 0 0 0 -1.30186e+08
4001 0 0 0 3.08986e-41
0 0 0 0 -1.30186e+08
4001 0 0 0 3.08986e-41
0 0 0 0 -1.32741e-08
4001 0 0 0 4.58e-41
0 0 0 0 0
4001 0 0 0 0
0 0 0 0 6.86636e-44
4001 0 0 0 0
0 0 0 0 -1.6055e+08
4001 0 0 0 3.08986e-41
0 0 0 0 -1.30187e+08
4001 0 0 0 3.08986e-41
0 0 0 0 -3
0 0 20 0 8.11334
-0.00317037 0.150736 19.9968 1 0
-0.00811744 0.310037 19.9851 2 -20
-0.00811745 0.488475 19.9663 3 4.25995e-43
-0.00379669 0.689831 19.9408 4 0
0.01327 0.920255 19.899 5 1.12104e-43
0.0474319 1.18921 19.8475 6 0
0.102249 1.49308 19.7917 7 -9.669e-11
0.181623 1.83072 19.7102 8 3.09056e-41
0.2924 2.21118 19.6131 9 -1.30186e+08
0.430331 2.63569 19.5281 10 3.08986e-41
0.570223 3.0995 19.4618 11 0
0.702143 3.59183 19.3974 12 0
0.851417 4.10519 19.301 13 0
1.01553 4.6493 19.1675 14 0
1.16201 5.24667 19.0166 15 -1.30186e+08
1.31411 5.89434 18.8898 16 3.08986e-41
1.48163 6.57691 18.7937 17 -1.30187e+08
1.64742 7.28344 18.7019 18 3.08986e-41
1.82608 8.01137 18.5993 19 -1.30187e+08
1.97094 8.77111 18.5344 20 3.08986e-41
2.07728 9.54762 18.4768 21 -1.32741e-08
2.1603 10.3375 18.3764 22 4.58e-41
2.26232 11.1443 18.2299 23 0
2.37695 11.9825 18.0687 24 0
2.48765 12.8578 17.9479 25 6.86636e-44
2.64753 13.7461 17.8338 26 0
2.85746 14.6407 17.6683 27 -1.6055e+08
3.08227 15.5565 17.4469 28 3.08986e-41
3.26456 16.5128 17.1638 29 -1.30188e+08
3.40299 17.5255 16.8555 30 3.08986e-41
3.51572 18.598 16.5665 31 -3
3.60975 19.7205 16.29 32 8.11334
3.64624 20.8845 16.0166 33 0
3.67158 22.0836 15.7222 34 0
3.73676 23.3273 15.4847 35 6.05361e-43
3.77677 24.6034 15.3099 36 0
3.74965 25.8961 15.2013 37 1.12104e-43
3.70897 27.1897 15.1606 38 0
3.7357 28.4701 15.1873 39 -9.66891e-11
3.8015 29.7255 15.2269 40 3.09056e-41
3.84048 30.9641 15.2269 41 -1.30432e+08
3.86608 32.1887 15.2013 42 3.08986e-41
3.92975 33.4036 15.112 43 -1.30186e+08
4.01913 34.6201 15.0096 44 3.08986e-41
4.12145 35.8384 14.9711 45 -1.3019e+08
4.15959 37.0503 14.9458 46 3.08986e-41
4.13438 38.2544 14.8573 47 -1.30187e+08
4.04597 39.4578 14.7305 48 3.08986e-41
3.91916 40.6643 14.5772 49 -1.30188e+08
3.81708 41.8805 14.3574 50 3.08986e-41
3.77837 43.1147 14.0676 51 -1.30188e+08
3.80514 44.3821 13.7564 52 3.08986e-41
3.90144 45.6913 13.5061 53 -1.32741e-08
4.06984 47.0236 13.3221 54 4.58e-41
4.31034 48.36 13.2081 55 0
4.59265 49.6882 13.1654 56 0
4.84461 51.0087 13.1373 57 6.86636e-44
5.05327 52.3261 13.0953 58 0
5.2326 53.6348 13.0677 59 -1.6055e+08
5.39674 54.9343 12.9715 60 3.08986e-41
5.60121 56.2253 12.8064 61 -1.30189e+08
5.77963 57.5283 12.598 62 3.08986e-41
5.91846 58.8492 12.359 63 -3
6.0304 60.183 12.0449 64 8.11334
6.13083 61.5477 11.7089 65 0
6.30794 62.9484 11.4396 66 20
6.56307 64.3659 11.2423 67 7.84727e-43
6.89491 65.7806 11.1203 68 0
7.29957 67.1736 11.0747 69 1.12104e-43
7.77132 68.5285 11.0447 70 0
8.30796 69.8436 10.9404 71 -9.66882e-11
8.91185 71.1269 10.8213 72 3.09056e-41
9.58063 72.3743 10.7173 73 -1.3019e+08
10.3128 73.5832 10.5986 74 3.08986e-41
11.1056 74.7499 10.4951 75 0
1892 76 1 0 0
0 0 0 0 0
4001 0 0 0 0
0 0 0 0 -1.30188e+08
4001 0 0 0 3.08986e-41
0 0 0 0 -1.30189e+08
0 0 20 0 3.08986e-41
-0.00317037 0.150736 19.9968 1 -1.30189e+08
-0.0149018 0.309681 19.9851 2 3.08986e-41
-0.0374224 0.487122 19.9624 3 -1.32741e-08
-0.0745391 0.692581 19.9246 4 4.58e-41
-0.126279 0.935998 19.8717 5 0
-0.187084 1.22207 19.8029 6 0
-0.258272 1.55698 19.719 7 6.86636e-44
-0.339452 1.9389 19.6273 8 0
-0.421554 2.37055 19.5196 9 -1.6055e+08
-0.507937 2.84971 19.4051 10 3.08986e-41
-0.619126 3.37281 19.274 11 -1.3019e+08
-0.728562 3.94748 19.1626 12 3.08986e-41
-0.838991 4.56048 19.0773 13 -3
-0.986741 5.19009 18.9955 14 8.11334
-1.14658 5.84137 18.8893 15 20
-1.27786 6.53025 18.7934 16 -20
-1.39138 7.24699 18.7325 17 9.64093e-43
-1.50662 7.97459 18.6783 18 0
-1.62364 8.71341 18.5838 19 1.12104e-43
-1.7438 9.47211 18.4454 20 0
-1.85242 10.2663 18.2926 21 -9.66874e-11
-1.9576 11.098 18.1779 22 3.09056e-41
-2.09204 11.9468 18.0692 23 -1.30188e+08
-2.24814 12.8137 17.9487 24 3.08986e-41
-2.41695 13.6989 17.8347 25 -1.30189e+08
-2.54171 14.6104 17.689 26 3.08986e-41
-2.64029 15.5484 17.5192 27 -1.30191e+08
-2.7417 16.5132 17.313 28 3.08986e-41
-2.82592 17.5182 17.1207 29 -1.30189e+08
-2.88052 18.5601 16.9779 30 3.08986e-41
-2.95823 19.6179 16.8438 31 -1.3019e+08
-3.04815 20.6898 16.6734 32 3.08986e-41
-3.12867 21.7851 16.4995 33 -1.3019e+08
-3.2225 22.9037 16.3457 34 3.08986e-41
-3.28209 24.0407 16.2019 35 -1.32741e-08
-3.34219 25.1875 15.9951 36 4.58e-41
-3.40317 26.3511 15.7217 37 0
-3.44063 27.5503 15.4271 38 0
-3.44063 28.7962 15.1896 39 6.86636e-44
-3.44063 30.0705 14.9877 40 0
-3.41362 31.3583 14.7559 41 -1.6055e+08
-3.31752 32.6648 14.506 42 3.08986e-41
-3.20546 34.0004 14.3225 43 -1.30431e+08
-3.13474 35.3498 14.1517 44 3.08986e-41
-3.06349 36.7094 13.9653 45 -3
-2.99169 38.0793 13.792 46 8.11334
-2.89105 39.4495 13.5447 47 20
-2.71627 40.8318 13.2789 48 0
-2.52434 42.2331 13.0243 49 1.14346e-42
-2.37457 43.658 12.7511 50 0
-2.22189 45.1107 12.5511 51 1.12104e-43
-2.06839 46.5711 12.3655 52 0
-1.91419 48.0383 12.1635 53 -9.64209e-11
-1.72803 49.5118 12.0074 54 3.09056e-41
-1.49547 50.9802 11.8511 55 -1.3019e+08
-1.23203 52.4443 11.6948 56 3.08986e-41
-0.953078 53.9066 11.5383 57 0
-0.688903 55.3748 11.413 58 0
-0.379758 56.8292 11.3038 59 0
-0.0724274 58.2751 11.1171 60 0
0.265797 59.7169 10.8825 61 -1.3019e+08
0.683439 61.1541 10.6775 62 3.08986e-41
1.17948 62.5785 10.5508 63 -1.30191e+08
1.74727 63.97 10.4404 64 3.08986e-41
2.38525 65.3257 10.3146 65 -1.30191e+08
3.0915 66.643 10.2676 66 3.08986e-41
3.85584 67.9053 10.2984 67 -1.32741e-08
4.66898 69.102 10.344 68 4.58e-41
5.52914 70.2354 10.3737 69 0
6.42978 71.3013 10.4176 70 0
7.34852 72.3217 10.4463 71 6.74025e-43
8.27046 73.3036 10.4888 72 0
9.18925 74.2616 10.461 73 -1.72669e+08
10.0493 75.258 10.3643 74 3.08986e-41
3163 75 1 0 -1.62725e+08
0 0 0 0 3.08986e-41
